0.851227
5.24651
6.08758
1.3888
1.93627
3.43829
1.18364
6.23846
6.26095
6.08021
4.56058
6.16449
0.690282
5.01465
1.86629
0.0300555
0.706635
4.01975
5.51934
3.16461
5.01353
2.27008
1.33156
4.28111
2.50535
4.65362
2.983
2.65206
1.09243
1.89698
5.00946
1.98895
5.48163
0.936911
6.24592
5.16417
0.786547
4.79878
3.08246
4.16956
0.791032
1.32078
0.321802
0.228967
2.56813
2.87763
3.06349
4.98869
5.78603
5.07387
4.43451
0.0177087
4.46548
4.04613
2.86534
4.86266
3.60501
5.50883
5.07792
0.111677
5.16004
5.15749
5.90666
2.59286
2.65882
3.65026
0.993105
4.7861
1.44611
5.08771
6.21106
2.08883
1.8839
0.0850688
1.36495
5.70114
5.33108
6.00055
4.89396
6.20439
0.424714
4.98632
3.73538
4.60431
4.36828
4.27143
2.46502
3.52837
1.30733
3.31357
2.53972
2.21647
3.72482
2.23898
6.06306
0.970365
2.48128
2.43345
4.56759
2.44146
5.82761
2.74021
5.42037
3.89784
0.751137
2.96539
2.13766
3.3291
4.49939
6.21017
4.52699
5.73389
3.17614
3.50771
3.16164
2.90581
3.43434
2.81226
5.36867
3.7965
3.13245
6.15705
0.215622
6.13868
2.28197
4.26955
2.17545
5.37762
0.283117
4.14765
4.71202
0.835639
6.17235
0.599134
1.77609
5.03981
0.487305
3.94197
0.0508555
4.27437
3.3548
2.75622
1.25382
0.867088
2.40227
4.79043
0.254287
1.58937
3.17157
5.16858
6.16835
5.17392
1.89644
0.301243
1.55727
3.41841
5.57775
2.16041
0.209033
1.02336
5.51264
1.32137
1.71376
3.0941
1.40379
3.08066
6.00009
4.09644
4.75954
2.73473
3.47386
0.333967
2.02639
2.54457
5.70786
5.08396
1.62292
0.81585
3.09966
2.37819
4.51428
1.80833
3.91716
5.10115
1.96355
2.42349
2.16097
5.12563
4.20524
2.38396
2.88082
1.90766
5.72125
3.07008
4.74877
0.678973
2.473
5.46754
2.26735
5.76242
3.41683
0.88055
1.25584
5.96227
6.22104
1.50844
0.103802
2.44174
4.89893
2.99481
3.39379
0.11593
5.65602
1.22205
5.56689
2.77229
0.928837
1.50484
5.02437
2.97204
0.564376
4.04983
3.97766
3.67178
4.5657
2.22826
4.27512
4.44423
1.01994
0.84029
2.82464
0.264234
5.00999
1.05278
5.22267
2.04181
4.12039
2.64013
4.91288
0.71121
6.24256
1.14086
4.79364
1.67083
1.53397
0.632959
2.16348
1.76952
6.08615
1.34317
3.80716
1.42346
1.19321
2.52315
2.59678
1.0691
1.879
3.99905
0.952369
4.8333
5.55414
6.02697
0.113514
3.66213
4.81829
2.05961
0.810947
1.83444
5.32255
1.44994
3.154
0.0100399
0.0787836
1.80068
0.620144
2.41749
2.23272
4.52371
0.411203
3.22867
2.66393
4.33415
1.59557
2.52282
1.66176
5.87007
2.96896
3.8385
3.06872
3.23282
1.5395
2.09233
3.15644
3.74514
1.94877
6.05069
1.46021
4.69294
2.02653
1.99951
5.98456
3.35975
5.47771
5.87228
4.1916
1.82017
0.411702
1.457
4.42791
1.2259
2.65288
5.88141
0.893577
4.04123
2.97026
2.74533
1.53511
3.17879
5.6985
0.480689
4.48559
3.87801
1.18805
2.49431
1.74461
5.3916
5.71102
3.87848
1.13612
3.23599
5.18131
2.2577
5.12781
1.84341
1.08145
3.09629
1.22726
5.4306
1.28301
3.87215
5.51695
2.46596
5.94752
1.0474
6.10649
3.5435
3.75966
0.824491
3.56117
3.48327
1.95087
0.75806
4.63568
1.52508
5.17018
1.16538
1.96461
5.54004
4.2362
4.64514
0.392971
0.826626
0.565191
0.0522412
2.86834
3.98545
3.3286
3.12821
2.10988
1.58854
1.46823
1.08802
3.74466
4.5672
5.51395
4.44322
1.47508
3.00334
0.114428
4.69562
4.11375
0.490509
2.9705
6.26104
3.34327
5.65132
4.85628
1.28026
5.69953
2.35502
5.3287
2.05271
2.05295
4.14194
3.68675
0.307771
4.83784
3.08977
3.06735
2.69628
2.48015
4.8786
6.12456
4.703
3.98669
0.453522
3.97954
3.32331
1.86088
2.0441
3.96544
6.24866
3.24242
4.55188
1.54299
2.08815
4.70365
4.2912
4.28055
0.495381
2.88358
4.38659
0.426533
0.43442
3.31151
1.6465
3.03714
0.821875
0.593389
0.75638
6.09367
4.75186
1.685
4.55472
2.61231
2.98274
0.348349
3.85627
3.08265
5.68298
5.87612
5.7697
1.90899
4.96436
1.42143
2.82085
3.20511
1.4491
4.47288
6.1855
4.11683
1.71322
2.94691
0.0188571
2.80496
6.10062
1.91426
1.35157
1.55562
5.06708
3.05596
2.56041
1.35484
3.3945
4.5429
1.7825
3.4109
4.74961
2.08587
5.03763
5.38514
0.0935673
5.56026
3.72648
0.541719
5.81117
5.74107
6.16228
5.65501
5.96723
5.87177
0.0523029
4.88702
0.163104
3.69374
4.08269
2.06237
0.697932
0.780828
6.11929
3.35038
4.16136
4.45011
0.431897
1.29406
2.72332
0.0703251
0.435189
2.15552
1.9618
6.23759
1.69058
5.38511
2.23437
4.69208
5.30839
1.36432
6.06297
4.47484
6.17428
4.77459
1.21429
2.21539
1.23339
5.22804
5.98533
4.82153
5.41591
2.86302
2.09031
5.26694
3.48282
0.759421
1.33319
3.08655
2.57394
4.77215
2.2435
4.84927
6.1672
5.31659
5.24408
2.30715
0.318092
6.12963
5.29414
5.46298
0.474371
0.203425
3.85745
4.62242
3.86748
4.16343
5.97697
1.67062
5.77667
0.743907
1.96705
5.47966
1.46803
5.07718
3.49679
5.92877
3.16486
4.18722
0.961112
6.11498
3.98207
1.12249
0.465853
3.11002
4.93846
2.91967
5.54825
4.06754
5.67523
0.0375333
4.35778
3.67623
0.662005
6.22236
1.44508
2.09172
4.33152
6.04078
1.42376
5.80718
5.50562
2.71273
2.95867
3.53179
5.26289
0.931852
4.0167
6.2555
4.01743
2.76158
0.178369
0.522453
3.3324
4.91346
4.62848
1.19482
1.64511
2.84154
2.89043
4.23259
1.11183
1.18018
0.606245
2.03496
1.07019
0.155409
5.21908
1.5383
0.892432
0.976671
1.90387
0.210941
2.57164
4.92051
2.78579
0.109882
1.79564
5.9778
1.0764
0.591561
1.72104
1.26521
4.73197
5.03207
3.68248
3.12271
3.71319
3.57382
1.16301
5.66528
0.1537
1.66113
4.91669
3.76804
3.4948
0.606533
5.82317
2.50317
0.250718
3.6764
2.59631
0.813882
3.82608
0.348129
5.33
2.8404
3.04744
0.423781
1.38862
4.04866
6.13133
5.96489
4.62739
2.6443
4.30859
4.31162
1.45309
6.25035
2.73691
4.67339
2.12403
2.28027
6.21962
4.5558
5.26221
2.50093
5.35136
1.07821
5.95265
2.20475
2.41826
2.51158
4.51363
5.25222
5.97452
0.402007
4.17534
1.1078
2.3308
1.05809
0.711273
0.958647
2.48511
2.49113
0.175706
2.82764
0.619169
5.75551
2.92996
4.70692
4.58251
4.62635
4.12521
1.35593
0.323538
0.368814
2.64778
5.09196
1.99063
5.55491
2.5705
1.26648
0.160219
0.417458
4.24993
0.509412
2.06975
2.32214
5.0068
1.10889
0.582517
0.374569
1.80269
4.49867
3.10101
5.68707
2.54188
0.423338
2.35635
5.33178
2.29153
0.896052
2.64962
5.45985
6.2646
3.35329
2.47913
2.08769
0.270377
5.38164
1.13533
2.09429
2.71034
2.0575
1.58707
0.826648
0.568765
5.98249
1.75643
3.63268
2.21803
1.99153
4.8804
2.32591
1.20314
0.0692695
2.46473
5.6968
6.20328
4.4543
4.00838
3.9022
5.81254
5.5339
0.122223
4.52644
3.71385
0.35507
4.01356
1.86279
2.91892
5.95604
3.46789
3.16302
0.837778
4.4807
5.81258
5.67716
3.99794
2.14865
4.16986
4.14445
1.69921
4.03556
2.69708
5.04045
2.08717
4.46424
4.11095
1.51208
5.77498
3.79402
2.408
4.90167
3.11021
5.561
2.50063
1.74633
1.52384
0.00937007
2.48178
1.26919
4.85109
3.82305
4.89496
3.13777
2.41596
5.21964
0.803979
1.56869
3.1614
0.805576
6.14927
4.56705
1.40366
4.28876
2.81932
4.22267
5.71371
5.2701
1.33134
5.97575
5.51596
4.45522
6.09917
2.65722
5.26076
0.586342
4.23126
0.618081
4.38247
1.35686
4.88725
0.507283
2.54658
1.3037
0.534276
3.26212
6.14802
1.04358
5.77095
1.91481
3.64984
5.30224
2.43833
0.0377842
0.0623281
1.24641
2.47169
1.23478
5.24808
4.89924
0.485083
1.83105
1.73089
3.90629
5.78789
1.41635
1.78942
0.53177
2.05961
0.327347
3.8383
3.42165
2.18594
3.31103
6.28231
5.37369
5.67349
0.809309
3.8693
5.21719
6.20672
4.05654
4.71448
4.75871
4.18865
3.39309
4.58833
4.89926
3.07026
3.7307
6.07693
0.492461
0.220974
2.33867
0.489544
4.92719
2.99783
2.7687
1.77056
3.24718
2.31134
0.740734
3.76127
0.104192
2.93913
0.66921
2.1283
0.545958
1.28905
3.2533
2.99569
0.221107
5.36043
5.97288
5.35915
6.15941
5.41804
5.16042
5.77189
3.7588
5.19478
3.37788
5.73742
1.05421
0.118681
5.38155
5.28653
4.95232
4.5837
4.6153
3.68486
3.53888
5.80712
3.80282
0.636626
3.88938
4.61073
1.82818
2.00198
3.60587
4.02918
0.348225
6.15699
4.97953
4.01609
2.0378
6.11152
3.17448
5.7896
3.57898
2.80448
6.05992
0.755218
6.18846
1.44494
3.75104
3.5836
4.8044
2.58982
0.351135
3.1793
1.08097
3.32397
3.35847
4.28944
2.96835
2.07857
2.35315
0.866614
4.58289
2.06905
4.15009
0.400513
5.70127
0.657587
0.623615
2.46628
4.18252
3.11394
2.9053
1.32755
2.57298
0.676853
3.0745
0.702605
2.25314
1.82629
2.05965
1.62753
3.42564
0.437509
0.10896
0.847722
5.63313
4.66415
3.79293
5.98716
5.74385
1.52274
5.66786
2.78429
3.53544
2.20626
0.230455
3.54236
2.18145
4.84887
3.9596
5.60843
5.41607
2.12128
4.17066
4.29997
2.51378
0.115561
0.0256731
2.45232
6.28282
1.25704
3.94611
5.77728
5.35819
5.20148
5.80322
1.73334
4.05272
2.62755
6.23321
2.95778
4.24326
5.86429
3.58835
2.75419
2.01091
5.75203
6.17077
1.75744
0.124264
2.11303
5.56783
0.6991
1.96084
3.29757
0.750056
4.78073
1.96446
1.81576
2.04713
2.58652
1.65471
3.05626
1.42445
5.85154
0.279897
6.13537
4.91971
2.83072
1.34437
0.647784
3.42428
3.36834
4.19676
0.507891
4.06382
0.915727
2.5327
5.77073
2.66059
4.03579
3.86827
5.02433
2.78185
4.39978
5.14633
1.66731
0.350007
4.44527
5.03073
6.07776
6.23325
0.265387
5.80103
0.394713
2.39697
0.802482
2.75933
0.0540515
5.49152
5.57327
3.2578
1.92126
2.49063
2.52986
1.4134
3.46392
1.79633
2.33252
0.310765
5.11541
3.90373
1.95289
1.43946
2.70688
4.55227
5.41653
4.28583
3.62675
5.03892
1.04986
4.00549
6.23029
5.71379
2.97753
3.83368
5.64113
4.47665
2.67396
3.31537
1.43627
5.62082
0.683516
5.96845
2.50121
0.176124
2.809
1.29382
5.59747
5.90877
0.477378
0.870415
3.22952
5.44807
5.06595
5.27816
5.75933
5.1807
4.12288
5.67745
1.75023
5.17886
4.29329
4.50398
4.90642
4.16111
4.71746
1.27009
3.57377
4.07533
4.38444
4.00566
5.08392
4.95956
4.55768
0.170323
5.98849
0.856819
1.31265
0.821372
5.47512
5.58533
0.040021
4.36906
5.15096
4.11179
2.89107
4.60632
3.56228
2.7883
3.30295
3.55569
4.02692
3.745
4.82047
4.26067
0.843296
1.57602
2.08196
1.15275
3.73989
4.86508
2.16346
1.8559
5.67962
2.9929
3.60585
1.71361
0.998758
4.37679
1.21659
0.874294
0.670392
1.90047
1.84998
0.0252693
0.868052
4.67453
1.08418
4.08971
5.05049
3.2615
0.556178
4.38169
5.43509
2.86108
5.58685
3.34274
2.0321
1.13805
3.51315
1.56796
2.37069
0.643038
6.20098
1.59171
2.62659
2.74373
4.60109
2.41175
1.85514
5.33324
0.796256
2.99664
4.933
6.27088
4.99179
0.171528
6.02754
2.10797
0.295441
3.80722
6.12018
4.34419
4.23791
1.26174
1.31252
5.42458
5.43833
4.53093
0.12672
2.354
1.96828
3.13094
4.58159
4.49211
0.791778
5.0304
2.0784
2.59932
2.06827
3.86675
1.97234
4.92504
4.21255
3.37678
4.53417
4.58536
4.01798
3.99736
0.640948
0.720825
3.49395
2.93402
4.6722
0.576303
5.00811
3.42835
6.09763
1.29311
5.65981
4.61887
4.96354
2.49746
5.71206
0.719958
0.937242
1.34905
0.819907
0.435777
0.562536
3.74945
6.01265
0.759295
5.37571
5.16623
2.96589
4.22609
1.03048
4.81257
1.51796
3.37633
4.54257
1.29105
3.67016
0.907781
2.87283
2.62102
2.48729
2.83336
3.92255
3.51925
4.91865
1.89273
5.06629
4.41198
2.15921
0.129463
2.43162
1.99528
0.845613
2.73608
4.68979
0.0588829
6.26607
1.76886
6.09765
4.94844
6.14602
0.967312
2.43748
5.76856
3.16491
2.88865
0.745607
3.76712
5.33158
0.955162
4.02619
4.45817
0.51049
4.52817
0.0212502
5.39743
6.19507
1.21686
2.1139
3.85987
5.71901
0.158558
0.768222
0.978903
4.68317
0.634047
0.724438
5.9004
3.14366
1.07051
5.3809
2.08715
3.31154
2.79934
1.98064
0.965339
1.97879
5.35906
2.52921
5.90043
2.57395
4.83282
2.28145
4.02918
5.464
5.82651
2.59775
5.84103
2.75195
5.08109
2.21774
2.10833
2.04722
0.609319
4.52546
0.040184
2.57853
5.66385
0.39143
5.62174
2.88741
2.1198
2.65772
1.36854
0.61159
1.55983
2.83197
2.71303
2.62142
2.77309
0.962359
0.0635532
4.70773
5.98392
5.71289
0.466265
3.22434
0.567386
0.201838
0.739836
0.941991
5.35783
1.54564
5.73852
4.96629
6.01026
2.18727
4.31692
3.69175
2.61554
6.12539
0.0411038
3.55191
4.67047
4.68761
1.73509
5.8745
5.07398
3.21061
2.61993
0.978399
6.23961
1.80046
1.68659
4.91896
0.382131
4.46183
3.92717
5.51128
2.16211
4.50935
2.79384
1.13773
3.77438
2.64185
0.0694587
1.85059
4.02546
4.38856
4.72715
2.78952
5.47306
0.603506
5.3833
1.9405
3.00477
3.64208
1.95528
0.142752
3.40055
4.86689
1.8498
4.54091
3.50728
4.64384
1.39214
5.53605
2.3842
2.05191
4.06932
5.96276
3.12595
0.68478
6.0112
5.81273
2.36236
2.92093
2.42741
5.98667
1.40235
5.66778
0.0670966
4.18937
5.89081
0.106967
0.0139047
0.154598
3.80301
0.641498
2.44401
1.09043
3.80735
3.8775
1.71598
1.60308
0.210961
2.12366
4.53209
5.99086
0.677756
5.50112
2.82456
1.6401
4.77138
5.05737
1.51674
2.18512
4.60971
1.71203
5.58582
4.88547
1.82947
0.924584
2.87957
4.585
4.94217
4.51581
1.7359
0.103384
2.39709
3.38721
2.1294
5.2542
3.11043
5.30103
5.72245
3.51411
2.30456
4.94959
1.96017
3.56916
0.531957
0.459626
5.88206
3.32655
4.15299
4.00849
3.73412
6.23862
5.18566
3.86372
4.65385
3.27123
4.5267
0.772018
4.28849
4.51105
4.23961
4.18672
2.97083
0.360353
2.36312
3.92511
0.718157
3.35314
4.11295
6.01109
6.00338
5.63711
5.69354
0.911433
2.36463
4.28617
3.35092
4.49599
5.17728
0.0267623
4.27903
4.65711
5.76821
3.64574
0.131291
5.26012
3.75148
1.72642
1.98028
0.036692
3.02762
1.05858
2.35686
3.22517
6.13219
1.05424
5.44723
4.56747
2.58224
4.27338
2.28317
1.85701
2.89692
4.33754
0.95498
0.477347
3.71189
3.03656
5.07807
6.06859
0.653272
4.38699
2.97794
0.680166
1.3752
2.66513
1.18848
0.677774
2.42391
0.525245
3.48151
0.108943
6.26135
6.27811
4.03939
3.79418
4.55465
4.87436
1.23866
0.635312
1.43286
2.41538
4.42249
2.11988
5.94494
5.06899
3.38067
5.07459
0.737233
1.88407
2.37695
4.6396
4.99368
4.96191
2.61252
5.62346
4.30608
0.223503
5.48872
3.61713
0.453508
4.1946
5.12666
2.83155
5.01215
2.32814
4.97547
3.81948
0.0978131
2.08321
3.94977
1.30037
3.34016
0.058946
3.30822
2.64258
3.15555
5.22031
2.97595
2.05552
5.36796
6.05693
2.33453
2.10781
3.13986
3.79892
3.47126
2.67968
3.2294
3.20483
0.205356
1.05665
5.02274
5.23564
4.03214
0.909497
0.544738
4.67117
2.42129
5.47925
5.16965
1.21906
1.7466
3.38664
0.253564
4.89279
0.503915
4.16096
2.80121
3.65632
2.05488
1.76739
0.169501
2.12916
5.79639
1.2532
5.33943
3.8355
5.09916
2.35267
0.337547
5.81694
5.54867
0.209633
6.04886
4.20422
0.483356
1.276
0.71628
3.18627
2.33971
4.45814
2.95456
1.40716
5.32312
5.17184
2.10713
0.485878
2.5468
1.93151
2.84372
2.598
2.22699
0.180531
0.491064
3.39331
2.37512
1.04754
3.28638
4.32706
4.33227
1.8341
3.03028
5.09284
6.20393
0.326642
1.18618
3.77208
2.78063
3.74993
2.2733
1.37282
2.70982
3.08839
4.4782
0.937523
0.620759
3.47909
3.08529
1.94892
3.77234
3.83243
2.73909
2.90319
5.38369
5.60021
5.87717
0.834018
0.847429
3.41892
3.55284
3.8303
2.72389
2.98217
3.51421
5.26993
6.0601
4.8789
1.21121
1.57553
5.62878
1.88958
6.01428
3.99016
5.6442
2.394
5.04126
3.91307
1.14424
5.38171
2.15094
1.13528
1.00779
4.65347
0.976887
1.00617
2.45765
3.68805
4.00596
0.399165
2.31308
2.47811
4.35789
4.49923
4.02202
4.67848
4.84236
0.510918
2.74172
4.07843
1.97937
3.84616
5.76929
6.08542
4.2814
1.29678
4.21555
4.08511
4.23697
2.04772
3.05917
4.92311
4.86077
3.59769
3.82702
5.94591
2.82705
1.22534
5.8551
5.0373
0.168615
0.0159367
4.07509
2.77471
4.0911
5.87971
0.812014
0.718233
3.93724
0.539664
0.61299
5.08991
4.14074
4.44891
5.64077
0.892355
3.71094
5.1901
5.65317
6.25108
0.137305
3.09433
6.15109
1.97525
3.46606
3.67754
2.44059
4.27661
3.25646
1.46514
2.75889
3.80266
3.33226
4.78985
5.19768
0.169031
0.661324
4.87839
0.134946
4.63751
1.39461
3.08727
1.75072
4.83407
4.39083
6.19866
2.50555
5.30178
3.10226
4.94535
3.52424
5.87042
5.76302
4.82439
1.50123
4.57223
1.8793
5.30597
0.122211
0.887824
3.27671
4.47249
2.23932
0.235873
1.60285
0.36601
3.54586
4.45035
0.891036
1.7348
3.82546
1.78926
3.25571
0.966187
5.2005
3.39179
4.12844
1.63782
5.196
5.14473
1.36762
4.86741
0.149037
2.13514
1.66964
1.79161
3.72656
2.22517
1.36139
4.21315
0.392329
2.32928
2.33995
6.14452
4.73414
4.65823
6.16948
5.53703
2.16382
2.50974
2.3101
0.221402
3.65206
2.83456
4.72477
0.423415
4.68485
1.79805
1.54861
3.20797
3.87415
0.516122
4.71835
4.77494
1.79968
1.20595
5.78776
1.10776
4.42198
1.72601
4.31276
6.22518
5.24507
3.80343
0.510647
4.89651
5.60377
2.31379
0.538959
5.80834
4.00496
5.29006
2.04465
1.87626
2.93423
1.64281
6.24443
4.12369
6.03966
5.64767
2.19368
0.859628
0.286279
3.40243
0.853234
2.93258
3.9341
5.27314
5.74923
2.50161
4.4491
5.765
0.781998
5.76968
1.20247
2.04698
3.89898
4.51809
5.75607
1.57586
2.02764
2.34957
1.39877
2.64559
3.09343
3.01914
3.58556
5.22172
1.4023
4.35608
5.09727
5.17655
0.809056
0.961183
2.68224
2.01898
2.76425
5.31151
2.51063
1.7383
2.8428
1.8669
3.79258
6.15306
1.55218
0.593673
3.33932
4.09083
1.66859
0.629858
5.9579
1.77887
3.80577
0.756105
6.24255
2.21393
4.3982
4.28536
4.07764
3.34499
1.80475
0.00394648
1.82624
3.89985
3.77972
3.23313
4.09833
6.23606
3.48295
2.07853
4.12811
4.73832
0.678662
1.00402
5.12209
3.72945
0.221866
0.347669
2.04196
4.85896
1.95761
4.10032
4.93218
6.13653
3.26876
0.445293
5.37272
2.16728
1.76509
3.44071
2.22754
3.77281
1.24568
2.25018
1.35144
1.87279
2.1776
0.480898
1.15497
2.25745
3.0003
4.64565
5.19503
1.95718
4.95441
6.02184
0.351059
0.507279
0.711772
3.59567
3.30206
5.98958
1.33628
4.54869
4.58674
0.528134
1.57557
2.78333
4.30206
5.64942
0.00951801
4.66079
6.10078
1.40473
6.04756
5.89516
1.60565
5.10961
1.45993
5.46227
5.26826
4.81576
6.15111
1.69995
4.30549
0.970615
4.82452
0.567542
5.60174
4.92307
3.4288
1.01431
0.720534
0.779731
3.44773
3.12267
4.43912
3.46255
3.01756
3.44056
0.613242
2.05978
5.99392
3.15269
6.25256
4.36131
0.200845
0.420547
3.36256
0.699441
1.05876
5.42412
2.60459
2.87977
5.25298
0.121926
5.52027
4.83896
2.75703
1.97125
2.23088
3.11424
4.89773
3.80938
4.46969
0.670524
3.77974
6.01779
1.78828
1.87833
5.17426
3.0766
6.2269
2.3941
2.69387
0.42965
0.113687
5.52061
5.54346
6.08014
1.32422
3.37303
3.77968
6.15251
1.0196
5.03654
4.41054
4.94442
5.99276
3.11257
3.95464
6.16398
4.68506
3.59079
3.52103
1.58701
5.787
0.401273
0.386849
4.84268
5.6369
5.26078
1.15195
1.7519
2.8042
3.81882
0.156057
6.21935
5.46567
1.42023
5.47507
5.48252
3.38136
2.97199
2.31865
4.84571
5.33127
5.78564
4.26807
0.323097
3.28321
3.86513
6.02107
1.99416
1.74035
2.58076
4.84768
5.97026
3.48054
0.497681
4.98102
4.27776
3.45704
2.75191
3.87856
0.74416
3.14716
1.82527
3.04172
5.21963
2.30324
4.00828
3.79109
2.62341
3.65412
4.53034
5.30971
5.93414
0.844496
0.441742
4.1913
2.6705
2.89822
0.275216
1.45971
5.44981
5.80493
2.33359
3.86287
2.07118
5.77886
1.42148
0.860492
2.04186
4.78636
3.01441
0.207226
0.634859
2.34277
3.32363
4.51609
4.28683
3.73864
0.336886
5.0415
1.60966
0.635125
5.20123
2.0494
0.834204
2.42898
1.94472
4.56823
5.64834
4.0083
1.12389
0.181534
4.35916
2.0701
2.08985
6.16132
2.23402
5.3757
5.35484
0.168965
5.58938
1.34774
5.23345
3.90837
1.01409
3.77143
3.62981
4.40672
5.64206
0.309171
5.19168
3.76568
2.92654
4.64306
4.93325
3.78694
6.11094
1.31801
3.76117
0.236086
2.51862
0.754438
1.45263
1.8288
5.16649
2.29236
1.36053
3.99949
1.96817
2.58016
4.62423
5.34998
0.472036
0.106002
4.23718
5.87515
2.31526
5.72989
3.86047
2.892
3.42732
1.11008
6.03241
5.46229
0.525255
4.77923
5.87615
0.620495
3.76369
2.52212
6.27574
3.62529
1.90841
1.16475
1.09105
1.42581
4.67925
1.93238
5.09689
4.87945
4.3694
5.37986
4.77962
0.983023
5.6862
0.309761
4.17457
1.8614
4.34672
3.53923
0.585844
5.18567
1.65479
1.42634
1.88767
1.92738
0.405082
2.56831
2.33407
5.89229
3.61969
1.49006
3.08058
1.63593
1.06811
1.38854
5.39207
5.26586
0.721001
2.8391
2.9875
5.08428
1.44348
1.90032
2.39879
1.45296
1.33812
2.23216
1.41536
4.21334
5.07451
3.13437
0.116785
3.66484
5.26597
0.0252417
4.06221
5.50833
2.47601
1.43238
0.683306
2.40982
1.52003
4.72254
5.81424
1.32355
5.73077
0.957505
5.99763
1.63652
4.50908
0.61485
3.8094
2.15666
0.600103
3.72551
2.45387
5.72943
4.19077
1.13212
5.41687
5.22655
6.22563
4.57979
5.66624
5.44196
2.01212
0.831891
5.70701
5.48808
1.87853
5.44699
3.46501
1.24064
2.85159
4.70199
5.17778
1.87747
1.16181
3.86293
3.29546
0.51958
5.72232
0.852483
1.03823
4.07319
3.66169
0.363862
6.20522
5.90393
0.0746242
4.10665
5.79055
0.272907
0.809284
1.06106
5.78589
5.15494
5.49324
3.49616
0.305133
3.73625
1.89172
2.7007
4.98014
4.70485
0.667115
1.59934
1.15888
3.22259
1.47349
2.58232
2.22689
2.81124
4.99654
1.6209
4.85846
5.04092
5.93816
4.14647
5.31951
5.27046
2.06651
3.00932
2.1151
2.98548
4.10048
1.0565
1.704
2.72265
4.99202
4.20896
3.32107
2.50503
5.38784
3.25375
5.04993
0.640157
4.10337
5.57483
3.77322
4.17373
0.827469
3.34298
3.75359
4.47324
1.43616
3.81591
1.93715
0.926818
2.72208
3.53855
1.56442
2.25377
0.555598
5.30129
3.78898
0.121452
1.3294
0.828393
3.74425
1.66725
6.04508
4.94927
1.36879
2.55519
0.32748
2.7665
2.37029
5.80973
6.2252
5.45332
0.419531
3.70428
4.34584
2.47852
5.00751
2.89818
1.19182
2.6571
5.70444
2.28018
6.03321
4.01047
1.27714
5.05447
0.444433
5.54909
1.42767
2.87638
5.11338
4.64914
1.26895
1.00802
3.42949
1.35777
2.68723
0.436937
3.68509
2.99068
3.73377
3.30319
6.04295
5.93657
5.75724
4.02128
2.73917
2.00318
4.7458
3.92448
1.26784
2.4389
0.587338
3.26055
6.04081
4.36477
2.53902
5.00865
4.43657
4.8685
5.39988
1.42872
6.10992
0.0511729
3.72937
5.66786
1.57389
1.91143
4.32174
0.428512
0.0307068
3.96887
3.70187
0.909526
4.99657
0.80769
0.216198
0.231872
5.47342
2.87957
0.575158
0.460147
0.180686
6.24491
1.95558
3.9467
1.62889
2.42877
3.5702
6.24042
3.72984
1.62905
1.61917
5.31097
0.0854508
2.25903
0.762726
5.62403
1.43378
3.72344
3.14645
1.04053
1.22981
6.00225
2.45199
3.34519
4.05828
3.69521
0.967085
5.47663
2.75703
3.68241
2.92344
0.035807
0.541362
6.01272
4.07403
1.50936
3.36983
3.48794
0.728657
6.07732
3.74048
2.10423
0.998119
3.50832
3.34901
4.85717
2.24251
6.18211
2.61302
0.409483
3.79294
0.718807
1.10944
0.601184
2.63532
3.08715
5.8683
4.38894
0.463517
4.53376
5.34552
3.48316
4.42249
6.26234
0.321292
0.707254
3.4687
5.0964
4.11705
1.41221
1.29959
1.63794
5.98814
5.85158
0.930216
6.17543
4.85468
5.86031
1.33817
4.21694
1.34697
1.36858
2.06795
4.4126
4.53942
1.42733
5.29037
3.10519
0.353176
0.367513
4.10231
1.59694
5.64513
6.11007
3.27396
3.70253
4.85974
6.11108
5.73162
3.2032
1.75038
0.480722
2.82816
4.02419
6.10929
5.85052
1.39559
4.04687
4.59176
5.92526
5.75919
0.116865
4.01239
2.45849
5.49291
0.620317
5.1157
2.06608
3.92299
3.74896
2.47071
5.17756
4.21393
6.0314
5.71994
4.97363
4.17257
5.07909
1.33115
2.91565
4.81275
0.804027
0.850528
2.153
3.3372
1.96873
0.448309
5.44421
1.27269
1.52131
3.80402
3.06775
4.93748
2.89935
0.618047
1.48575
4.41795
2.97014
0.471883
4.6101
1.23027
5.89556
5.38687
5.43756
1.22405
2.54869
5.1826
5.59256
5.15342
4.85818
1.05131
6.19284
3.80132
4.70483
3.62255
1.05637
1.9321
4.83705
5.93341
3.62903
3.76137
0.216115
2.11698
1.55964
5.72709
0.115835
0.231436
4.70901
4.24842
1.35434
4.10604
3.29318
6.11988
5.93881
5.55107
2.65799
1.68706
2.40029
1.01012
1.84999
2.7116
5.19417
4.95873
2.71137
5.68892
2.91402
2.87853
2.7745
3.58598
5.78778
3.92784
0.261335
5.60387
0.775325
0.169899
0.20777
1.78002
4.01813
3.97314
3.08166
2.02308
5.30712
1.234
1.59218
3.74001
3.18559
2.27801
5.45849
2.3923
1.43169
3.74646
2.64836
2.81773
1.62654
6.13735
5.8085
0.359342
3.24474
2.61669
0.915298
2.59429
5.09607
3.35162
0.655122
2.2108
1.01569
5.11957
2.88035
2.91877
0.215714
4.65249
1.74793
2.13348
2.28499
5.27289
3.64656
5.80253
6.06863
4.68693
3.95667
0.289716
0.438567
3.81949
0.303297
0.615983
6.02221
2.50437
1.44663
3.39115
0.502406
5.60726
1.03063
4.70842
1.44983
0.106603
6.22123
1.07885
0.23263
2.69602
2.88378
3.55124
2.86622
2.67834
1.48049
2.02427
6.16964
0.161681
0.194345
3.69436
2.16463
2.92457
1.23016
5.73728
2.77988
0.626139
3.88876
4.2537
2.95981
2.36207
1.60354
5.32628
2.44236
2.84237
3.98623
2.97713
3.57541
0.683906
3.94504
3.53357
6.06877
0.012755
0.830043
1.31704
5.90755
4.75467
6.20252
4.70143
3.38645
5.30736
0.440091
5.91947
1.70434
0.0898927
0.430122
1.17042
1.25914
5.50716
3.70386
2.85141
5.75367
1.22844
5.94999
5.60168
5.88467
4.70095
1.58862
5.76029
3.42631
3.19213
4.949
1.22629
4.59758
5.32278
4.12307
3.95183
5.14557
6.15334
5.69202
4.88659
1.3759
2.82494
4.57983
5.26717
0.89373
6.08864
5.86924
1.41505
5.73357
2.29414
0.0134379
5.81602
2.87367
4.85987
4.56159
5.77999
2.9491
3.75513
1.38341
3.32065
0.628014
3.88298
1.12277
5.5887
4.81706
5.02361
2.34045
2.06133
1.21407
0.0278121
1.54459
5.80717
2.24878
2.5149
3.27435
5.82803
4.92684
0.89111
1.2139
3.07762
0.503034
4.87185
1.71667
3.89979
4.04728
1.13203
2.24717
3.42228
1.04233
1.00983
1.6681
4.28725
1.28409
5.51699
5.45864
0.394644
0.0777773
4.50209
3.10623
2.86497
1.76213
1.27991
0.98507
5.55573
1.94106
6.2678
4.69771
4.73286
2.9234
5.18848
1.26991
5.62507
4.14097
1.29518
4.03706
1.27113
0.502394
5.81093
3.57414
1.77949
3.56208
5.00219
2.62516
4.74644
3.22346
2.86968
4.1528
0.554391
4.45728
4.069
1.38263
5.10645
5.15321
4.97282
1.14825
5.35707
4.16484
0.459097
1.79525
1.33635
6.24788
1.73956
5.75891
0.798122
0.125544
2.84125
2.94773
4.50782
2.16053
0.537192
2.17587
0.470168
5.69518
0.995044
5.37837
5.5163
5.36293
5.66863
5.46666
5.65304
4.58854
5.22239
6.23871
5.70142
5.45395
2.45191
3.98769
2.22956
5.41298
2.08195
5.82307
1.88445
6.12089
4.16519
4.87031
1.24035
0.30694
0.930737
5.46907
0.790268
3.39907
1.6081
2.91824
0.86495
1.26829
1.36406
2.58676
4.57123
0.113365
5.50235
5.21445
3.03972
2.90686
4.51689
3.58378
5.54043
1.03907
4.52571
6.1094
3.4292
0.720455
3.33128
0.130606
5.87441
5.42468
6.15454
3.84076
1.88158
0.982699
0.942163
4.65809
1.08332
0.388066
0.0175326
5.39791
5.00461
0.42892
3.43086
5.57977
2.00692
5.90513
1.5851
1.45822
2.98286
0.587908
1.3937
3.88988
5.9289
3.26002
0.471549
4.51399
2.34571
0.763496
4.38205
2.53845
1.67261
0.772545
5.7859
6.08211
2.90803
3.25115
2.79791
0.130967
0.744995
0.765347
4.64751
6.16689
6.23314
4.84797
3.85385
5.94897
5.93176
0.312176
2.04486
1.11833
4.03165
5.87618
4.31608
1.13286
3.90069
0.103969
5.26817
1.31304
4.30004
3.50738
5.73192
1.0017
5.93003
5.84157
5.71908
2.4097
5.04219
1.33209
5.96172
1.05757
2.33246
1.56721
6.0305
2.39182
1.99377
5.74922
0.0912325
0.198257
0.523604
5.74377
2.14681
1.43956
4.06381
2.27154
0.167191
4.75748
1.02414
1.16179
0.830755
5.42166
1.7353
0.661136
4.55878
5.0015
4.52753
5.05291
2.68412
3.21572
0.588538
2.47128
4.56308
4.83509
1.62959
4.4625
3.14976
2.77392
1.81499
5.67403
2.99624
3.22995
2.88024
4.37066
5.99316
3.82975
3.65018
3.61559
3.32057
4.48754
0.84401
1.0761
0.784207
4.89948
5.67434
5.17311
2.11458
2.70618
2.52355
6.16291
2.95763
3.47413
0.453718
3.21259
5.70173
2.21683
5.69523
5.68085
0.14621
0.972941
3.04011
5.44116
1.15352
2.14519
3.05251
5.39198
6.19685
5.06313
1.41573
4.10143
2.86573
5.10359
3.43008
4.52497
0.941598
2.06641
0.436825
3.00209
2.49963
1.43424
2.12253
3.56429
1.3127
3.35236
3.3314
2.37298
1.55032
3.01451
1.33498
6.24702
3.24591
0.297407
0.907349
0.92841
5.4765
4.91935
4.39423
4.13542
0.17543
1.14105
2.42201
5.09666
0.0196853
3.3774
5.96281
4.57674
5.57904
2.2718
5.70846
5.38515
2.30986
6.21269
4.47478
3.8212
1.98919
2.58519
3.38606
4.09708
2.71295
5.58319
3.64862
0.718189
0.240112
4.14283
3.69252
2.60201
5.70136
1.75082
1.47345
2.15548
3.10572
0.542375
3.93485
3.47997
3.88018
4.68153
1.68841
4.46258
4.51475
4.43737
0.735642
5.0198
5.01963
5.13754
3.87499
5.05807
0.461524
0.158697
5.51394
2.40856
3.91219
3.99777
4.81931
2.05236
4.81763
2.5713
4.32766
4.38995
1.61273
2.47159
3.33043
3.49328
5.46194
3.06917
5.00053
3.85596
3.0507
2.64675
1.85448
3.31479
2.76317
6.24645
3.1828
5.45052
4.04999
1.50865
3.43771
3.51237
5.1422
5.10249
3.99359
2.90647
0.605509
2.87125
5.62999
1.34054
1.03368
3.30993
3.53806
3.08925
0.490908
0.0109428
5.62937
5.86636
0.449293
0.963135
4.57815
0.944587
3.77059
1.17841
2.10334
4.12761
3.62462
5.22035
0.402497
5.81285
3.32654
5.83457
0.845918
3.38613
2.93009
2.51772
5.54929
2.10719
4.21661
3.78204
0.241908
4.11738
4.17063
0.60101
4.31445
1.68267
4.95907
1.33562
2.62392
1.81786
6.13401
4.84725
6.20892
3.58056
4.45946
3.12799
4.78289
1.23119
2.3219
6.21077
3.17511
0.418329
4.85751
2.17941
4.73402
3.71119
3.87215
4.4389
1.11361
4.15703
0.603488
1.54014
3.31797
2.14583
5.40853
0.546621
5.43768
3.40126
0.0988899
0.260015
0.565721
5.17366
3.42484
2.39697
5.03145
1.40427
3.16089
1.31707
4.97841
1.57919
2.22351
0.38583
1.41374
0.718888
1.98542
6.2732
4.59734
0.926933
1.87481
1.76608
3.73397
3.47309
2.28432
5.68193
4.44861
4.28806
1.31338
3.51698
1.96614
4.56033
1.45084
6.00001
4.16775
0.088612
1.98155
2.33452
3.40181
4.53725
4.90868
0.925698
4.92693
1.35816
5.86059
5.5806
3.92719
0.0188958
4.2607
5.99089
4.76994
1.12422
0.992635
0.213526
4.16153
0.671266
2.42013
5.66916
5.22383
5.3379
0.359612
4.01427
1.14089
5.94308
3.04252
1.3345
0.390118
2.92387
0.711144
3.27289
4.6952
0.567832
1.21291
0.48333
1.12508
5.13255
5.70277
2.70064
4.87188
1.89365
0.695572
4.4572
0.879733
5.71212
4.27565
0.988915
3.15017
1.70015
1.64381
2.49297
6.25603
5.63145
2.24844
4.50896
5.81162
0.332377
2.01785
1.90984
2.08284
3.54559
5.61931
1.08211
1.36676
3.70373
3.17196
2.39961
4.30646
3.24801
4.86514
2.14989
2.28744
4.58279
4.76155
0.910501
2.87951
1.16099
5.37928
3.43769
0.14324
0.0808128
5.88954
4.55923
2.32423
2.69973
0.861531
2.15558
1.62019
3.26354
2.02269
2.54931
1.13715
2.71977
2.34323
3.22881
1.77762
2.49619
5.10026
5.12843
0.941142
1.6647
0.368986
2.88749
0.286546
5.21793
1.48458
1.71868
5.90621
5.2038
3.59767
3.82669
3.44144
0.616176
2.40093
2.01771
0.81596
2.90748
4.76242
2.85511
4.33448
2.67936
5.02277
1.80099
2.02329
1.84153
6.05309
0.622624
5.98125
0.722604
0.116322
6.05587
5.28925
5.06993
4.30313
2.23695
1.54195
2.29258
4.98068
3.72694
1.82258
5.2939
4.98455
2.96463
3.52417
4.27116
0.00421287
3.53114
4.18169
5.3438
5.54917
1.6473
0.0528045
1.05727
0.620278
0.0487077
3.95136
3.27518
2.03352
4.35188
0.363177
1.45293
1.55543
3.17523
4.45907
0.297249
0.187223
3.56712
3.03318
3.00001
5.65137
2.49364
0.992737
0.567526
5.01858
4.42214
1.9042
6.08981
2.80163
3.78774
2.22373
7.62917e-05
0.382159
3.72216
3.77777
3.34366
2.6626
2.97797
1.4758
4.6809
5.39094
4.00606
1.04585
2.75941
3.25664
1.99974
3.6509
4.66883
0.491769
1.46204
5.7666
1.39128
3.31651
4.2473
0.465951
0.823821
5.81879
4.80633
1.20248
0.742683
3.29822
1.94461
1.83527
2.52395
4.39634
4.06337
5.37127
3.70406
0.377284
2.42328
3.39858
0.861635
5.24923
2.62606
2.75043
5.93167
2.34243
0.0673691
4.44894
4.09572
5.29069
5.34518
3.97421
2.09946
0.884388
3.84187
2.42506
2.58698
1.13228
4.77768
3.81815
0.255084
1.78548
4.50141
2.27067
4.42411
1.99781
0.13164
3.45692
5.9514
2.50043
0.9075
3.22501
3.08999
2.10444
2.3317
1.00367
1.11091
2.01614
1.72748
5.67951
2.40563
2.27438
1.12578
5.23948
2.20136
5.1729
4.69534
0.0498838
3.91738
3.03333
0.804978
1.39501
3.60141
1.99695
0.205193
0.710989
3.52568
3.63691
5.1032
4.57514
3.31327
3.67313
3.9565
5.24219
2.01984
1.15402
0.40897
5.49192
2.47399
0.366992
0.178634
5.85643
5.44793
4.96475
0.797235
1.2665
5.35436
2.41294
5.25808
6.14426
1.91974
2.36568
4.33927
6.16042
6.24318
2.48127
1.33972
2.18409
5.40785
5.97485
0.44736
4.55545
5.52851
2.73963
3.26599
2.54336
2.68861
5.26613
3.18458
5.36729
1.90259
3.60474
2.18475
3.30498
3.35297
3.86858
4.78829
2.31236
1.90282
1.64523
4.97374
4.04701
4.51068
4.81056
2.80046
1.28696
0.398797
0.161471
4.4318
4.11876
3.56924
1.62487
2.55951
0.950239
0.273667
1.00119
2.58819
0.736365
2.5725
6.13743
5.96826
2.48313
5.64775
5.78849
5.05741
0.77334
5.24817
1.51139
4.68704
1.60111
1.3001
0.554662
1.27225
2.21737
3.74154
0.527032
3.45821
0.0271624
1.96253
4.10311
0.384968
4.04998
1.66658
3.9612
2.70243
0.0123593
3.0111
4.69922
4.6854
1.92717
4.75328
0.968502
0.857505
3.47626
3.53082
0.686408
2.77088
5.90555
2.03732
0.494707
4.4392
0.369708
4.74833
1.30892
6.07652
1.23717
4.61129
5.2449
5.95383
5.97104
3.19934
5.2135
4.5668
4.98251
1.62797
4.32993
1.48981
3.0296
6.11899
2.21312
4.31413
6.22963
0.301486
4.3855
3.26027
5.58892
6.12335
1.63015
4.49683
5.77473
4.4509
4.20015
4.35505
5.55224
2.79864
1.10305
6.2375
0.0776705
0.202402
3.77967
4.77158
3.66786
5.52958
6.18591
4.90657
0.567835
0.159383
1.32366
3.19425
4.94977
2.21612
5.91801
0.805354
0.0958982
2.21088
4.14763
3.23124
4.30924
5.90711
2.25876
1.15748
5.5694
0.803969
3.63025
6.10808
3.37406
0.48663
2.32333
3.65934
4.82736
0.604979
5.57671
2.50952
5.64096
3.71519
0.305209
0.65556
6.11383
0.965739
1.65847
2.64527
3.75731
3.79403
1.06475
0.552496
1.18031
3.99289
5.84182
0.521025
0.847097
0.573424
3.81623
1.06512
5.26078
3.75197
4.56659
4.58714
3.21146
1.98111
5.31457
0.0294579
3.77571
2.70897
5.81887
2.41789
4.40926
5.64163
5.92934
4.5743
2.00524
3.02073
0.137295
1.60582
1.88815
5.23027
4.88196
3.84769
4.23754
5.11468
4.85603
4.23239
4.71746
6.09986
1.54112
3.09524
4.73543
4.485
3.77515
0.711652
1.70205
1.24755
1.69919
2.39738
3.2103
5.56289
5.72415
3.94089
0.291609
3.82133
5.96054
6.18671
3.76551
1.15107
0.195645
0.483199
5.36662
5.0861
5.48712
5.68079
2.98814
1.32708
1.72204
5.63786
4.55316
2.82863
3.95768
1.87502
1.74298
2.99656
2.23156
1.43317
4.2575
5.22243
1.49571
2.84359
0.9019
4.16754
3.96958
2.46036
1.35336
3.86856
3.24967
1.40726
1.93834
3.04053
3.905
4.4115
5.52239
0.297895
1.76369
4.16719
0.236297
3.93589
1.62535
0.2448
4.00241
0.53849
0.385017
5.16683
4.13996
3.2091
4.91879
2.10046
3.99954
0.603341
4.47374
0.192593
0.34779
2.19789
5.32497
5.45413
6.09057
1.82874
6.02904
0.721638
1.80646
3.75162
5.14976
3.76158
0.652662
4.4958
1.03491
4.21961
3.62405
3.91738
6.04616
2.98652
4.16001
1.802
5.17609
5.63091
4.24129
2.26849
1.32623
4.94357
6.03622
5.4222
1.69087
6.15765
6.20666
3.63483
1.39314
2.85721
2.26061
6.03098
6.20636
3.06745
3.55042
5.30293
2.84886
2.25731
0.378633
1.4943
5.3545
4.0647
1.20347
0.598042
3.74005
4.95813
4.82778
3.74922
4.62894
2.60279
4.38842
1.15926
0.494407
5.3738
4.7348
4.88821
0.432962
0.548695
5.50055
5.79179
4.59907
0.167256
4.50391
3.07752
2.54177
5.30733
2.6093
3.85549
4.51277
0.12953
4.21056
1.58765
1.08096
0.899366
3.76328
5.01898
0.716591
4.76466
0.674601
0.00698097
3.99715
4.20943
5.69025
0.916641
5.06732
3.07116
1.33553
3.61523
3.92292
5.33752
5.60166
6.1252
2.77354
3.70509
2.82101
3.49226
1.26151
1.18871
3.41569
5.37551
4.02661
4.59766
3.17368
1.64081
4.15888
0.60885
1.71471
3.65027
5.89356
2.27957
1.12823
0.896523
0.244644
3.78256
1.20701
0.800156
2.97425
0.260878
2.22341
4.43793
2.69028
0.869349
3.49428
5.42556
0.595222
3.7421
1.46792
0.674379
3.47228
2.44675
0.332461
2.1341
4.56836
6.09363
0.454245
5.0394
6.01348
0.348988
4.07352
4.96058
1.47579
5.80817
4.40334
3.16058
1.35045
1.97024
3.43267
0.788086
4.57837
5.11511
3.30479
2.69931
0.869587
0.971889
1.25079
5.15231
1.82401
3.99647
2.74978
1.9634
0.130117
3.86966
4.78726
2.73046
3.76402
3.3502
2.15543
6.00955
0.272445
3.92475
5.01783
3.72157
6.11369
2.83249
0.594213
0.868946
2.17868
6.08164
4.00524
0.703051
2.73498
1.16538
5.99031
4.97368
4.0458
1.93115
3.15118
0.479757
0.123506
3.29174
1.00321
0.330967
3.13246
4.81213
2.28426
2.02896
0.114648
5.95032
0.918392
6.16409
4.92904
5.40073
3.99623
0.728411
4.97309
0.289564
3.6241
5.03747
5.62694
3.09915
2.50603
3.39079
2.60655
3.19865
5.21587
5.72156
3.60876
0.568391
3.80778
1.07681
0.25367
5.91927
5.3933
6.10469
0.825487
0.956515
3.93336
4.44378
2.08752
3.18091
1.24244
4.50621
0.286921
1.35038
0.709719
1.67655
1.69347
2.14385
0.461325
0.83412
0.492554
0.791595
3.28397
0.863774
5.05667
2.94608
5.48033
5.90335
3.29221
0.416417
0.0688395
6.04835
1.69801
2.02235
1.17485
2.15308
0.497586
4.89564
6.08433
0.318801
3.27783
5.97901
2.65085
4.93311
0.11496
4.72264
2.44975
4.99751
5.52088
1.02317
0.36729
4.98016
1.88887
4.13602
0.574493
0.83464
5.8702
1.79328
0.449852
3.75038
4.05763
0.497034
1.24546
5.03129
4.4204
0.190345
3.89694
6.00991
5.5948
1.50671
4.1754
3.17295
2.95218
2.42081
0.24823
1.67431
1.65247
1.17514
4.09012
6.25481
2.49709
0.149208
1.64561
3.46004
3.19214
3.16411
5.47609
2.31726
0.0416196
0.84698
0.484582
4.28235
1.4661
1.27455
4.11457
5.1
5.11181
4.36876
3.37575
0.544146
4.94091
0.82606
0.0425001
2.12401
2.26243
2.87258
6.07436
1.2177
1.29882
1.84839
5.77711
1.07206
3.62432
4.57595
0.166595
0.588866
0.741629
1.12523
2.61364
3.12393
4.0961
1.68938
6.25519
2.92461
3.04416
2.17633
1.1826
2.78693
6.20531
2.76842
1.62463
2.85508
4.40072
2.92977
0.854184
3.5243
3.32481
4.90554
3.19245
4.62674
4.77373
2.50201
4.26811
3.2337
3.82721
0.897356
3.81859
2.13831
2.75563
1.52902
5.33487
5.42359
0.672676
0.971433
0.876843
2.32243
3.84567
3.66437
5.69284
3.61359
4.72891
5.44729
5.99466
4.90986
1.88821
4.69926
4.9512
3.39967
1.43495
4.77691
4.57258
4.95464
0.95093
2.40517
0.211884
0.552491
1.51911
2.10274
4.56397
3.49153
2.06823
0.0421989
3.40209
3.19151
3.26077
0.645579
3.89584
2.32436
4.20935
1.12681
4.0088
5.80029
0.182423
1.77545
4.38474
4.56736
6.05098
2.84914
3.19077
4.30275
6.10708
4.24583
2.38165
2.99847
5.96115
2.03317
1.68444
5.0529
2.16171
5.58479
4.9304
0.36129
4.22944
0.358329
3.42595
4.61255
1.19076
5.19433
1.9706
2.74836
6.14478
0.313801
0.753601
4.04041
0.0965109
3.66408
1.17323
3.67068
5.56497
0.456298
5.23021
6.2075
0.336195
2.09829
0.846475
3.8906
4.10912
4.55345
1.82559
3.78824
4.64058
3.35118
0.697456
4.77221
0.802435
1.80386
0.13122
2.76244
0.568915
2.78626
2.85295
5.46047
4.12615
0.766996
3.31159
4.91822
5.03879
0.203742
5.76494
0.466899
2.13703
4.51474
1.68816
2.02885
6.11353
0.0865634
1.71569
2.15379
5.20217
5.38246
3.52175
1.98351
2.36153
1.37057
2.47021
5.75886
5.7032
3.35967
6.04539
0.0782013
5.26778
3.57155
0.254285
5.17695
0.816292
4.39336
0.80408
1.12828
6.19627
0.201348
4.67742
5.33291
6.26016
5.6413
3.77139
4.20003
6.13845
0.814229
5.40462
5.41334
0.939607
4.45613
2.91531
1.04894
0.526038
2.74292
0.0243251
1.73342
1.30697
2.11115
4.87739
4.41537
1.2029
1.78825
5.30561
2.41328
4.91956
6.20306
2.66565
6.19283
2.35901
1.84308
1.97923
3.42707
3.99293
1.53428
1.49725
4.22845
1.83338
1.58518
1.19527
5.07223
4.03921
3.69256
0.370892
6.26244
3.63693
4.17029
2.8315
3.06264
6.23765
4.32024
2.92473
4.35463
5.57212
6.08163
4.33784
0.769587
3.41102
0.274213
3.79612
2.11568
2.33059
1.0199
3.73148
1.72924
1.48783
2.40783
2.91862
2.25115
2.97811
1.39327
6.02924
2.69641
2.59232
1.85546
2.70871
5.85946
3.75717
5.94613
1.86431
3.73134
2.62949
5.03061
4.61293
2.57695
1.17145
1.15988
3.94015
4.57548
4.44325
5.02228
3.4059
0.545005
3.06357
2.64615
3.15247
2.18415
4.67152
2.35748
2.65182
5.99762
4.98416
2.97103
3.14943
2.31425
3.39303
2.49105
2.69218
2.27404
6.06764
1.18504
4.95629
5.56043
4.45921
5.08574
4.14845
1.35125
1.32455
2.34381
2.256
3.39266
5.48547
0.825872
5.42578
0.775485
3.86858
2.58547
2.89733
3.46051
5.29072
0.206337
0.43356
3.29059
3.00448
3.68412
4.77609
5.83789
2.03373
3.39669
2.78433
0.787486
3.02765
3.20301
0.13466
4.08312
2.20088
0.666213
3.37331
1.34604
4.20508
3.12607
5.57817
2.46082
2.92985
1.08016
0.644043
2.86904
5.83221
6.12361
0.0362422
1.75388
0.746818
4.33296
0.289289
5.79004
5.42813
5.33602
2.90724
2.638
2.02463
3.51757
0.360579
3.61942
3.91276
0.408237
1.19236
0.800017
4.59919
3.17901
1.20718
3.16129
5.05496
3.0857
2.51335
4.38092
0.302141
1.65235
4.78702
0.781748
2.66609
2.84743
5.76272
3.7761
1.07335
5.86487
3.83552
3.35696
0.116847
4.13925
1.75303
1.84067
6.20891
3.52632
0.267601
3.35175
2.72476
3.05622
3.46169
1.13108
5.98586
0.686179
2.6369
4.89189
3.58167
4.86088
2.53794
5.79855
3.2896
3.56571
1.56148
4.46936
0.831494
1.07781
2.28655
3.60237
4.12077
5.79978
5.46955
3.90151
4.65534
2.47166
5.32091
3.6687
4.83973
0.194063
5.24557
3.33198
3.1854
3.0012
0.364298
1.64791
1.34411
0.140081
1.52103
1.4154
0.428452
5.32104
5.42076
4.72633
1.554
1.50308
1.16392
5.78007
2.70733
0.940445
0.367028
1.87001
3.44206
5.53544
1.49698
0.746526
5.73229
4.65502
2.69596
0.787307
0.0222063
2.26906
3.63546
1.85635
4.42731
5.28554
0.0636913
3.18891
0.815923
5.43418
5.52079
5.98438
1.11582
0.760328
4.2501
2.52564
0.0687353
2.24355
5.90628
6.0676
4.54027
1.20162
4.11724
5.84984
0.738756
3.54438
5.78675
0.353377
2.16858
3.8599
4.58606
1.20837
6.09412
2.95607
4.99977
1.57418
0.74421
1.50048
4.01091
1.53232
0.20548
3.69499
2.73119
4.20426
3.5106
1.57343
0.68113
4.43028
3.95996
2.93779
4.23736
4.55132
3.8579
0.71208
3.27546
3.96273
1.80836
0.42728
4.14107
0.585673
1.88674
3.34534
2.34325
5.94905
1.33133
5.12826
2.45797
1.53663
1.8369
2.52205
3.16096
1.37643
3.80179
5.26935
1.12369
2.39414
0.890693
5.57274
2.15618
0.523413
5.47952
1.33313
2.25748
0.358741
4.71316
0.163288
6.02192
4.77176
0.0240722
3.93969
5.85494
1.99312
3.10324
0.154655
4.53421
2.95562
4.61785
3.54246
5.45569
6.27813
5.76874
4.90091
2.7461
0.256421
5.70208
6.14815
1.11734
3.91825
3.87123
1.45262
5.59192
4.19377
3.22213
0.727291
1.62613
1.15256
0.156654
1.04274
3.57856
3.24893
2.88961
4.46327
2.85727
5.9041
1.33901
0.834219
5.422
1.24587
5.58961
0.191004
3.1853
3.98647
3.76607
0.439709
0.933327
5.62716
5.99061
0.57409
5.81816
3.59913
1.32695
0.636651
0.711639
5.34643
5.71694
4.81308
2.33939
0.95208
3.20551
4.99113
1.15644
2.77273
1.07538
5.2419
3.01853
3.10074
4.46032
0.697656
5.83525
4.07917
4.2701
3.15338
4.89118
2.9217
0.835121
5.09122
4.15078
4.03735
3.57741
5.01111
1.63842
2.28459
0.619833
0.0593362
2.0009
4.95864
3.34341
4.12694
4.49182
3.85927
1.91823
0.351703
4.07601
1.88858
1.01128
4.16787
3.78607
0.728466
6.16357
3.34846
0.654927
1.01518
6.0148
3.86228
5.36867
4.53371
4.2681
5.65718
0.30757
2.61527
3.82574
3.64998
5.12094
5.8313
5.21851
5.10844
4.80575
5.94769
3.6608
0.975487
2.69166
4.2239
5.11896
3.34515
1.00106
2.83531
6.03258
0.367759
3.609
3.83348
4.27493
4.2347
1.70571
2.24366
5.84492
3.44279
4.24758
1.02375
4.19982
2.5255
4.64012
1.39816
0.395826
1.22977
4.21444
0.0439029
1.33078
2.53274
4.60823
4.89915
5.87292
5.82418
5.53521
6.2571
0.262245
1.85714
1.24142
3.80276
0.267061
5.51135
3.92035
3.32363
2.60431
2.04608
0.180423
1.33692
4.46793
0.332339
2.23923
2.53379
2.62836
3.77382
4.50593
5.3107
1.54253
1.31455
0.562964
6.02834
2.86123
3.00871
2.78904
0.516383
0.961935
4.90433
3.98874
5.19365
2.81473
1.49762
5.98999
4.19356
5.19593
1.55957
2.21092
4.25777
3.0403
1.74919
6.06332
3.91792
4.14538
5.84427
0.545779
0.187122
0.195863
4.73676
2.86269
0.0630812
4.78105
0.31883
0.469282
3.96314
0.280193
1.89234
1.03261
6.17329
3.1497
4.79106
4.03286
4.62829
3.71995
3.8893
0.162768
2.36742
0.111435
4.07941
2.78815
3.04777
1.49143
3.49949
4.77601
4.04874
0.769583
0.454837
2.67536
0.29478
4.44466
4.39437
4.08604
1.13238
1.87889
3.2427
0.114752
5.59506
1.85184
0.745764
2.42636
2.79527
0.806402
6.28022
1.3234
5.91998
3.13783
4.98271
0.79391
2.38683
4.90279
1.55269
3.366
3.43755
0.58209
2.35964
4.19657
0.518215
3.94368
1.67898
0.524289
0.586489
0.440036
4.77968
0.619098
2.97686
2.48463
4.36989
3.54026
0.731793
5.44095
3.21492
0.361993
4.19879
3.96849
0.888206
4.1401
5.18961
1.42966
0.39224
1.63562
5.95639
3.39829
3.30779
6.03913
6.14275
0.548959
3.14213
4.62434
5.33568
1.19659
1.71358
5.66365
3.872
2.45328
2.7525
1.76531
0.718945
1.19683
4.68809
3.86794
0.735635
2.98013
0.57882
0.909057
5.41467
5.87159
1.31118
2.45587
4.3204
1.7312
0.496978
0.8885
2.20764
2.35891
2.8269
3.43382
4.38576
4.596
3.161
2.49938
5.6633
6.09915
5.8183
1.10382
4.47508
0.5393
5.37144
1.90176
1.50547
3.6304
3.3898
3.33767
5.50076
5.72398
3.11117
5.85156
3.63919
3.0544
3.22669
5.38029
1.45702
5.69712
1.12706
2.14597
4.70784
3.19978
6.25133
3.65018
1.59997
4.23072
1.82891
5.16826
0.466773
6.05249
4.21344
4.02746
0.571036
3.97734
2.50278
6.23367
5.6288
4.85213
0.233017
1.66533
1.97617
6.22442
6.15307
6.25479
4.33791
1.7493
2.58278
5.89256
1.72257
4.18408
2.21192
6.20813
0.506502
0.0877382
2.09898
4.40233
4.58963
0.412496
5.96144
3.49621
2.1687
1.37624
0.261717
4.07385
4.43446
5.93138
6.09407
5.59556
4.18388
1.74822
4.13969
2.94387
1.36403
6.13173
0.13324
1.97898
6.26604
5.11864
1.13036
3.61932
0.205455
6.1973
4.72609
2.00422
0.0653627
5.36684
4.76492
0.546015
0.244606
3.85582
3.52918
3.94107
4.70426
1.08745
2.74875
3.87039
2.42772
1.92371
5.24231
2.13834
0.230172
4.63253
3.17043
5.27755
1.84363
1.34503
0.415053
5.39609
5.08726
3.38912
1.26152
4.6126
1.07157
5.32404
4.39065
1.91594
2.11143
0.772852
0.910987
0.892619
4.11435
1.32595
3.87364
3.19707
2.75141
5.12489
3.83499
1.03744
3.34215
5.02536
3.7791
5.96687
1.39548
2.71833
5.35431
2.43184
3.74328
4.28774
0.936186
5.79895
0.233477
0.359659
1.50094
0.689352
3.24669
2.04418
5.46592
0.579893
0.666582
0.764731
0.594718
4.48492
0.382398
2.39602
2.43675
1.94123
4.25974
1.62025
4.81852
3.98553
0.0477711
0.681429
3.50496
2.91184
6.23758
1.27692
1.72789
4.53895
5.52053
4.1855
4.06714
0.379572
0.830134
5.70692
2.84162
4.793
5.18146
0.819545
4.28984
3.80207
2.91757
5.49408
0.997392
2.79142
5.16082
4.26118
5.44129
2.45117
1.02014
2.00621
3.08874
4.78407
2.82755
6.00144
0.903137
2.8119
4.24079
4.34362
3.059
0.712022
2.34501
4.3699
0.706686
3.06567
0.0917059
0.480933
3.24722
4.9209
5.70361
5.84314
2.73036
4.93204
5.06896
5.05652
5.69109
0.25521
3.98554
5.67313
4.8693
5.19866
5.55545
5.21325
1.81259
5.16657
0.479937
5.76052
1.05321
5.95199
3.38514
5.01906
0.292946
4.29176
2.65554
5.41736
2.18406
1.56368
0.917173
0.148541
3.5859
3.61787
0.622369
4.34136
5.74358
5.26077
3.08622
3.96379
0.767494
3.15909
1.36166
4.02641
3.40266
3.95596
2.00055
2.07775
2.29043
2.14341
2.13167
6.18016
3.87804
4.9163
6.27677
4.13685
5.09085
0.959681
4.65521
4.97266
3.45907
6.07439
3.07189
3.20385
1.40945
6.10421
2.69918
2.44202
0.255473
0.234692
2.0893
3.91681
6.10899
5.08151
1.59059
1.13589
3.50105
6.13222
3.98584
2.24618
5.36251
2.63442
2.14603
5.96669
2.98096
1.22843
2.3944
1.80064
4.43681
3.4113
5.16682
5.01044
1.8095
6.19409
1.6012
0.399068
5.08943
3.53297
3.63432
0.119611
6.15662
0.0597365
4.85453
5.84828
1.6533
0.888
6.21665
2.94431
2.74511
1.50689
2.4643
3.79888
0.381816
3.70956
1.25098
5.71377
2.99994
3.07999
1.149
5.161
0.142635
4.36923
3.96249
3.12953
6.08488
5.91501
4.9056
3.05499
3.3579
4.62289
6.17863
3.87041
1.19115
0.127275
3.93954
2.40222
5.94918
4.35762
5.79906
6.25293
3.15633
2.06834
1.93639
1.03635
0.750563
2.89048
2.66892
4.84641
2.05903
4.11438
5.5256
3.05426
5.35538
5.69525
5.05782
4.67279
3.98555
0.0712505
1.99986
1.16808
4.28096
1.07981
2.05907
3.98818
4.47585
0.124662
4.55843
3.63301
5.67955
5.98481
2.71023
1.36637
1.92807
5.6304
0.80039
4.58726
3.72689
3.2874
5.41455
2.10433
5.93618
2.74361
4.34754
0.265473
2.06887
5.33898
2.65445
3.55322
4.89606
3.72633
5.82464
3.78336
3.28279
5.13108
0.983306
4.53823
2.45786
1.87349
5.48515
3.31549
4.80336
3.37778
3.06436
1.21097
2.52371
5.36322
3.83711
0.196985
3.42866
5.24258
2.10374
4.77417
3.00812
3.198
2.90791
5.94625
0.9863
0.100919
5.72664
5.96736
2.85603
1.54703
6.01558
2.96777
6.08136
0.646551
3.9832
5.86291
2.67597
4.0111
1.64896
6.03958
2.97374
4.1106
2.49779
2.24609
4.82027
0.603039
0.196562
6.09955
4.12299
5.85008
3.57763
3.91057
3.10907
3.28932
1.96494
4.24865
0.0352781
1.72302
0.468596
0.985929
1.87021
1.10846
1.28158
1.89198
5.88614
1.92969
5.23271
0.582758
4.26869
0.463932
4.3933
2.29465
4.00838
2.61734
2.30337
1.24869
4.13185
5.18757
5.99115
1.21741
6.20789
2.4987
4.7068
3.29668
4.98824
3.9949
0.239396
0.65031
6.08705
5.00091
5.00663
3.15624
3.44166
1.58205
1.66267
1.39189
3.67125
4.62705
5.8561
2.57834
0.279202
3.14538
4.04236
3.25364
4.39825
2.45679
1.21532
3.52585
1.89464
0.343647
5.57716
5.50073
0.787052
0.294991
5.9816
4.03465
5.6424
1.2596
0.901817
5.30082
6.0339
2.39876
0.837317
2.85062
3.40537
3.38504
2.28356
1.05409
4.49998
0.969182
1.4306
6.01261
4.04924
4.63493
2.75775
0.640788
5.62198
2.74401
1.46406
4.71492
1.08058
3.02978
1.17169
4.75807
1.34482
0.478356
5.72091
4.35272
1.43027
5.00322
3.0068
4.67331
5.90021
2.37869
3.25561
5.4439
1.87489
0.721002
1.67965
4.86371
3.69329
1.3971
6.19957
5.75825
3.12604
3.3181
2.62695
4.58111
4.13484
1.95892
6.19936
4.54893
2.44579
6.16863
4.44977
4.37257
5.15294
3.5605
0.390954
3.16339
4.65366
4.44547
1.42094
5.39571
4.46047
3.49187
0.132389
3.30253
4.50489
0.893023
5.10507
4.12043
3.60699
2.15039
4.01859
0.518515
2.95416
0.88975
4.13155
2.44613
5.9596
6.0595
5.34881
1.80884
0.506314
0.0943347
3.40314
4.92048
0.374866
5.3307
3.99925
5.43665
2.97506
1.62008
0.116901
0.184559
4.20974
0.0967
0.548386
5.07651
1.38533
0.321669
1.22963
3.96193
2.52554
5.71394
3.16786
2.7494
3.4816
3.27942
1.84517
3.29923
4.32061
5.12949
3.08538
2.01661
0.648311
3.69225
0.213458
3.79315
5.90539
5.74047
5.84016
0.770118
3.16822
4.33932
6.10078
4.75571
3.32638
4.94348
1.35217
2.2335
0.604594
1.49581
4.35259
0.825454
5.23525
3.2752
2.58923
3.84462
0.654426
5.92926
3.34865
2.98965
4.40594
3.26823
2.61954
0.738494
4.03472
5.90524
4.31447
4.81336
1.26046
5.85449
0.501532
5.97516
3.73187
4.28138
1.88302
0.950616
1.99265
5.23955
2.59437
5.27288
5.96649
2.24728
5.90998
0.326787
1.92309
3.65828
3.85725
5.84156
5.67162
3.22899
3.80232
5.52323
2.20376
4.81776
1.97496
4.5991
6.14052
5.07488
3.81246
0.218497
0.773761
4.58723
5.61461
2.11864
5.10414
1.20548
1.4974
2.24758
4.15683
5.84544
0.673452
1.87821
1.54885
5.06039
2.36289
0.620201
3.82913
4.13182
2.61885
4.03707
0.155113
4.32999
5.73064
4.13381
3.80416
5.65103
0.27818
0.338731
5.68077
0.420411
6.27508
5.62967
5.6525
4.51787
3.60649
3.91158
1.86562
4.21328
0.726493
1.89604
3.30151
1.05711
3.61738
1.19294
1.1896
6.00447
3.74899
1.04528
1.16222
5.72847
5.13272
3.47048
1.32894
6.24017
0.420593
1.13537
0.837195
3.42834
2.08284
4.4629
3.42056
2.65798
1.03202
2.89455
0.35559
0.993548
5.92582
0.417478
2.43826
6.22464
5.17488
0.506126
4.48528
0.35401
3.90743
0.944488
5.91941
0.0267967
6.08754
5.23663
3.72271
2.84838
6.11131
5.36303
2.75929
1.49166
5.28794
2.04678
0.481823
0.64943
4.89174
4.06412
3.20606
1.01589
0.675898
1.46072
1.707
3.88094
4.87454
0.421375
3.29974
0.634863
2.07492
5.60101
1.9648
4.66644
0.611891
6.24356
3.43494
2.4294
2.06177
1.61971
3.1315
3.50465
2.99788
2.0157
4.38543
1.85569
4.84281
1.88757
3.26852
3.74185
4.87778
3.24202
4.62398
4.77839
3.75395
4.6007
4.29022
2.48532
4.67355
1.60184
5.2291
2.49066
4.9401
4.08291
2.4368
1.50763
1.1484
3.33687
2.90387
5.25626
6.24842
3.92728
5.15876
4.15731
5.59775
3.4674
3.60591
1.82555
1.28005
5.17952
1.70387
3.07597
2.39735
2.64059
0.223337
2.75737
4.74007
5.69393
2.00787
5.77917
5.03303
5.86497
4.15243
3.50719
2.69232
3.33667
3.83746
3.33855
6.21103
1.73135
0.476325
3.30395
0.413154
6.20964
4.79581
2.95841
6.03949
4.73128
5.03802
3.4309
5.48469
3.26978
5.32239
4.23243
0.113402
6.07591
0.992022
3.2056
5.535
2.16614
6.20253
5.15212
5.06146
3.53714
5.24165
4.41502
4.27149
3.68916
6.19962
5.89162
0.671162
2.04526
1.85256
2.21951
4.93173
4.71473
2.61592
2.1087
6.26294
2.09433
0.82106
5.72434
0.910978
0.086981
4.12135
4.25965
5.12698
1.04095
6.22546
2.89297
4.73006
5.41328
1.35882
1.27115
3.77463
0.655553
4.40251
3.98326
2.34856
0.814087
2.94064
5.99524
4.72952
3.00097
2.09584
6.14911
1.02235
0.868284
5.5744
5.47661
5.79478
5.14035
5.77807
2.21264
3.64662
4.31434
4.0513
3.28129
6.13451
4.82774
6.02586
3.62472
3.38047
3.09053
5.16628
1.41691
4.06103
3.86639
4.24825
3.33204
2.09488
1.36646
2.43932
4.65175
1.46524
6.12269
5.99886
2.34339
0.881058
4.56353
3.9317
3.28837
4.23052
0.576918
5.51627
1.05325
4.05694
4.68124
3.46378
4.60446
1.36622
1.17455
1.31609
4.11381
1.17674
0.00546888
1.64199
1.59079
3.98463
5.45193
2.43697
3.24308
4.37831
3.19451
4.00901
4.46719
0.290877
4.83155
2.57891
5.32681
1.44501
1.46876
0.641742
0.557398
4.31167
0.984968
4.50249
3.57345
3.02651
0.972753
4.77667
3.38898
0.992719
2.53552
2.74123
1.88126
5.73497
3.26798
1.33149
0.562028
2.85746
0.450283
0.788562
4.27789
2.31266
5.06007
5.13035
1.81064
1.87027
3.47042
3.60112
0.360426
3.94409
3.39522
5.27866
3.51761
5.79925
0.870774
0.645298
3.72825
4.57452
3.50173
0.766242
4.91404
4.36104
3.81399
0.736772
2.68429
2.57027
1.99203
1.25472
2.81847
0.224222
4.75929
1.52583
1.56544
2.58088
4.65498
4.06258
3.34362
2.21507
0.466548
6.18893
4.23396
4.52713
0.153705
0.808489
5.23157
0.531601
3.54934
4.39794
0.164331
0.735924
2.97186
0.548856
6.17228
0.356445
5.21703
0.632262
3.1935
0.47865
1.17024
2.31707
3.55027
2.67571
3.06885
3.96443
3.78004
4.58652
6.03285
5.59727
0.247993
4.76535
2.3077
0.0971336
5.61526
5.5524
5.91478
3.75372
1.45699
1.87468
3.53572
3.44474
3.5516
6.01337
1.98618
1.9208
4.60192
5.76246
6.19622
0.687027
0.811629
1.955
2.25941
5.12972
4.34974
2.60351
5.00678
1.48181
5.88777
3.75868
2.28833
2.83026
0.0466554
0.519092
5.4576
0.909193
5.14482
2.19282
1.36447
1.12608
0.804832
1.35362
1.98703
0.953572
2.93376
2.91442
1.2426
0.400803
5.97989
4.6182
1.41998
2.98863
2.92836
2.7488
3.24911
2.14263
3.56805
1.60223
2.8147
2.46284
4.89377
2.78042
0.475772
0.743458
2.40817
5.87446
3.30342
6.10526
0.442338
3.80246
3.78357
3.53921
2.47696
2.374
0.37604
2.94372
5.19664
5.55247
1.42273
5.41382
2.55618
4.4754
1.89656
2.61831
1.31738
3.97262
6.21829
6.22815
2.77551
3.12272
4.15614
3.18165
4.82093
3.59964
3.22747
5.2104
0.262507
2.53082
5.24477
3.17952
6.04951
3.25087
2.54376
0.226116
4.42738
0.337907
2.70567
6.00182
5.07789
5.28004
3.59489
5.50601
2.5801
2.74581
4.33878
2.21516
0.792456
0.0234662
3.18442
4.72727
5.43484
0.213209
1.65226
5.04257
1.30169
5.17874
0.380588
5.70412
5.29029
0.652248
3.85995
5.90287
3.72895
1.91207
1.57152
5.97798
4.39257
0.771945
1.40728
5.86986
1.79626
5.61676
1.01828
5.26454
1.92788
5.43606
0.88071
1.68576
0.499675
2.41753
2.31636
4.88214
0.727662
2.72483
4.16424
2.18025
1.91645
1.34332
0.514935
5.73477
0.554154
3.36951
3.47533
5.48944
2.95134
3.97246
4.18434
2.8823
5.87067
1.06739
1.53489
4.41133
0.380416
3.76235
4.81028
2.52197
4.52996
3.44652
5.06809
0.919959
5.35669
1.86836
0.0794054
2.72393
4.4975
5.5291
4.12204
3.52188
0.667066
3.31849
0.247512
0.410808
4.56449
2.98934
1.61274
3.51912
4.28233
2.96871
1.66404
3.41655
2.35543
1.99686
2.70984
0.931989
2.34915
6.2142
0.721942
6.10834
0.895217
0.0469617
3.51486
3.21226
1.05474
5.40852
0.140874
3.25107
3.68553
0.599874
0.964871
3.27414
0.478128
4.05421
4.3188
6.22874
1.93218
0.481476
3.76571
2.45176
5.29925
0.158716
1.80818
5.12258
3.15513
4.30457
4.26659
5.74981
4.71109
0.653064
2.04535
5.17024
1.66927
3.94995
3.05444
3.88703
5.46625
1.19051
1.29879
6.27585
1.03289
2.48865
0.090017
1.10631
3.6376
4.69401
6.2025
2.90556
3.69566
3.17674
3.35213
2.9153
2.07885
0.00465255
3.62877
4.36963
0.525627
1.55293
5.39078
4.2741
6.15292
0.182571
3.91545
3.45197
3.9182
4.01189
5.72781
1.72042
2.85794
1.0476
1.03589
3.76869
2.01624
0.933436
2.18244
5.36619
3.07596
4.97364
0.920988
2.00971
5.48492
2.28885
1.2506
5.0127
5.43969
2.6443
3.29089
4.25362
5.39888
1.09674
5.92152
1.14816
3.58507
3.90449
5.5171
0.0302827
3.65935
2.91981
4.13662
4.40517
5.66107
0.694368
3.20469
2.36115
2.04665
3.52087
1.97903
1.46578
2.89628
4.95711
3.11866
3.17885
0.753502
1.51486
5.93159
1.07158
4.13276
5.4116
2.76207
1.8815
3.61902
2.39001
1.44353
1.58928
1.42425
5.66278
2.92413
2.41893
1.32665
3.50936
1.5767
5.98139
0.378951
2.68602
5.31663
3.28608
3.55087
0.879442
5.11207
3.31254
3.83815
1.60703
2.65004
0.0535727
2.86349
4.83118
2.20147
4.16559
1.95316
1.92225
4.32823
4.36535
3.93063
4.47638
2.07347
5.49056
1.36879
5.42543
1.93568
2.45494
3.5333
4.47013
4.07486
2.12799
0.662785
3.65373
1.62966
4.01296
0.575059
3.69541
6.08104
5.12509
5.27822
2.74661
2.85639
1.65233
4.24584
0.345479
1.90837
2.17484
4.29239
5.25108
4.05846
1.42742
4.44097
5.54563
3.06029
2.25109
1.43069
5.29465
0.124661
1.15969
3.23385
5.44898
3.85603
4.46122
6.01279
3.03836
0.110074
0.843755
5.37898
4.05197
4.07208
2.77943
5.16992
1.78965
3.21543
3.81646
2.95842
3.30355
5.48429
2.01103
5.67983
0.985543
2.29987
6.19356
3.49672
2.50739
4.28243
3.99095
2.89361
0.453064
0.2537
5.1786
2.95999
0.158547
1.2885
2.37435
2.13841
0.906173
5.81144
0.309353
0.626361
6.25977
2.47991
4.63922
5.86699
0.306216
6.09738
0.671417
0.844324
2.94153
4.75015
4.49145
1.08008
1.58497
3.57408
4.17958
2.08522
0.43773
0.7197
4.24371
3.4465
2.66667
5.53904
0.492835
4.95392
5.53589
5.04925
2.26261
0.0541203
0.155566
2.99209
5.97089
1.41465
1.38653
1.96576
0.104868
3.54113
0.177332
2.38353
0.34392
2.6349
4.5191
1.59074
4.23801
3.89248
6.07332
1.85571
2.18616
0.430809
4.28353
4.036
6.17877
1.15454
2.31171
0.35262
4.21872
3.03282
1.0431
3.8799
0.931504
5.60969
4.5389
1.57095
2.80879
3.92249
3.6953
0.241439
1.61302
0.836486
2.26398
2.07594
6.03754
2.05693
5.24919
5.59586
3.62568
3.30789
5.56387
1.94161
3.66616
5.77093
0.783397
5.6306
3.25598
0.71145
4.88542
6.24262
1.42867
5.38904
2.75306
1.26504
5.34181
0.659513
4.58865
0.46849
0.856569
3.71322
5.23111
4.44317
2.90064
4.76617
5.69727
1.92242
0.808148
3.84477
5.12584
2.61743
4.98791
0.601793
5.84988
0.872444
3.60396
5.40911
6.15641
0.116696
0.154683
2.78107
2.61559
1.55087
3.44601
1.87173
5.17614
4.50748
0.96691
3.70769
4.77558
5.62867
0.664844
0.666201
3.25995
5.33691
5.37765
5.95497
3.00266
4.58704
2.79984
3.90428
1.23947
1.57422
1.99282
2.4672
4.70891
1.87271
0.824924
4.65635
2.4267
1.28392
1.49193
0.748953
6.04827
1.22327
5.24064
1.63795
3.49016
1.09297
2.86825
4.42999
3.56013
0.918387
0.277564
4.46678
1.64753
3.96567
2.65559
4.35031
0.797366
3.74963
4.82443
2.65801
4.21728
3.34482
4.54672
1.31338
6.13531
2.03715
0.453775
1.82118
4.33521
1.14115
6.19824
4.52989
5.40821
4.90828
4.62343
4.67277
1.90955
6.26699
0.377567
4.05008
1.16908
0.527942
3.70308
0.790258
4.0618
0.253182
1.49801
3.44188
1.5865
0.746908
4.92777
2.37828
0.33466
1.06979
0.785406
5.76504
5.98683
2.25744
1.22289
2.24198
4.12894
1.71462
3.60401
5.05817
2.08696
0.899675
6.0927
2.1736
2.6066
1.46251
5.57184
2.19974
1.10634
3.38615
1.70147
0.0298989
3.717
4.28708
2.29418
4.90641
0.749237
3.99323
0.0220876
3.04762
4.9035
0.548798
3.44288
4.65949
5.03141
5.41845
0.567352
3.98179
5.2097
0.293679
1.8568
4.97234
3.05209
4.20317
1.27706
0.57102
0.0311896
3.77563
2.55801
3.21967
3.95176
1.92674
0.376172
3.65191
2.10411
0.170435
4.32544
4.07099
1.84622
2.9625
1.81131
4.02962
5.45202
0.239114
1.37486
4.70388
0.727039
3.40815
2.39607
5.21381
6.09298
0.370142
2.3556
2.85807
5.6784
0.789852
5.64496
3.71441
0.641116
5.3116
3.0416
3.64183
0.371266
5.77417
4.55719
4.41995
2.06747
3.49736
0.622164
5.0123
1.24697
5.54219
6.25169
0.189187
0.512572
2.5154
4.03699
5.83631
3.25814
1.23196
5.93443
2.43162
2.30997
4.94632
5.8342
5.09608
4.5865
5.54989
5.39517
2.04376
1.03879
4.32752
4.15296
5.4983
1.3762
3.1847
0.05378
5.02472
4.0191
1.35169
0.36702
1.67144
2.54244
3.21575
1.98082
2.19678
4.15744
5.50838
1.4
0.473563
4.79818
5.3245
0.560944
3.50187
1.04654
1.93034
1.03773
5.9045
4.26626
3.08475
4.35444
3.60926
1.67875
1.84787
5.82842
2.49067
5.19975
1.19892
1.2495
3.24
1.47841
3.99389
6.09743
1.75382
5.01156
3.28789
6.06391
1.49323
3.62508
0.182056
0.973976
2.67184
4.96244
4.99415
5.27872
1.27198
1.93141
2.36474
2.96229
2.23469
3.30198
3.53634
1.68181
3.89678
5.58861
1.42623
0.315659
4.46375
4.72045
3.5404
0.852761
6.13885
3.2536
2.34367
4.10481
1.70145
4.55711
4.16461
3.4993
0.560083
3.38133
0.0361824
1.61217
4.71104
2.95194
5.60856
3.49964
5.67016
2.35812
1.09679
6.11342
0.477295
0.0880664
3.35895
4.08178
5.40175
0.502249
6.23033
1.17267
3.6775
3.15732
5.31513
1.27988
1.46814
2.41635
4.88688
1.48428
1.34576
1.02714
5.8734
5.46003
0.441695
5.97481
2.04247
4.32427
3.45058
0.472095
1.9148
3.31667
4.00842
0.16616
2.24222
6.0503
4.58805
1.31122
3.20302
5.33465
4.16839
0.488057
1.16704
1.00401
2.6707
2.4823
0.258977
3.31033
3.28511
3.70017
3.04008
2.49491
5.15986
1.2024
5.59005
3.247
1.82147
3.11664
1.68803
2.36555
4.85853
2.69555
2.13082
5.30648
1.95772
3.62812
4.85347
1.25927
2.39708
2.62346
1.77151
4.4067
4.14647
1.0387
5.78194
0.38562
2.33305
3.15181
4.2014
1.53962
4.81836
2.72678
1.67368
1.77616
0.320344
6.05073
5.3029
1.69604
3.01301
1.60363
4.28899
4.40801
5.71876
1.94773
2.40568
5.86002
1.30473
5.08217
0.759751
5.53431
5.22111
4.87143
0.0618124
0.16839
4.57635
1.55372
0.275754
3.46063
2.24139
3.38026
4.99772
0.751237
0.448893
5.81326
4.55679
1.67899
0.223138
2.28632
5.81449
5.99149
2.42071
1.1006
1.10152
3.56423
1.00737
0.743075
6.01908
1.65652
3.27772
0.432432
5.25013
0.61434
5.64817
0.311647
0.847824
4.22704
1.13728
1.42397
4.98693
0.562009
1.52404
4.43367
1.59094
0.963143
5.32413
0.594947
6.1955
3.82665
4.3852
4.04342
1.11744
4.21587
2.42398
5.73447
2.14356
2.46326
1.21109
0.0504565
5.11845
4.29718
5.75663
0.934698
0.357122
2.10026
2.83308
5.34303
3.77803
5.43229
4.44693
1.53163
0.918309
5.36323
3.17301
1.34749
6.20971
4.0131
2.39314
2.07159
1.62942
6.00559
4.37531
5.72013
5.26882
5.64394
2.15503
3.12433
4.94174
3.02332
3.08253
3.4014
5.68454
0.510566
2.69677
4.45138
3.34888
4.13639
0.785986
4.08898
2.70532
1.93539
5.98913
3.4214
6.14369
3.04335
1.15649
4.83942
0.623966
2.44485
3.31718
3.32008
2.87217
1.43902
2.82783
4.36028
0.742996
4.46232
6.04557
1.43223
2.62362
0.7406
1.77825
5.88384
5.38368
0.293741
4.6285
0.601773
2.98012
3.34538
5.90185
5.35288
5.53214
0.686973
3.17581
5.80979
2.5216
1.76385
2.41406
3.20123
2.00037
5.49938
4.24763
0.746667
1.72032
3.73532
3.21581
5.33503
4.63466
2.02781
2.56316
0.486394
5.80075
0.305023
5.79427
4.31211
4.08908
3.06283
2.85418
3.65033
2.48891
4.29973
3.94045
4.74832
5.06412
1.58734
1.01351
2.14828
1.35515
4.43129
3.82985
1.82067
3.79039
0.887442
2.97407
3.92045
3.45425
1.93163
6.25444
3.90829
3.6133
0.339836
0.979845
1.8271
3.33793
5.10042
2.44152
0.400054
6.23164
3.36642
4.47104
1.19553
1.30452
5.39269
5.86016
3.25486
4.46621
4.98471
5.44682
4.46445
2.01102
0.859077
0.62949
4.79047
0.229184
4.60044
1.37274
5.50765
5.1423
0.728046
4.16497
3.38558
1.87524
1.76359
5.71342
0.31755
5.17209
2.71662
1.26186
0.290049
3.77345
6.13658
5.92819
0.383745
1.52147
3.68183
5.59861
5.94671
0.190248
3.27653
4.91937
1.51893
4.10082
1.39806
4.21147
2.5341
0.65903
1.35681
4.57531
5.75021
3.13408
3.30344
2.73372
0.972879
6.1786
4.18161
4.08241
2.63105
0.963704
0.220373
5.91238
3.26878
2.12467
0.740237
6.2435
0.626329
5.17746
1.44261
2.33739
5.75957
0.33722
6.25757
1.72706
1.96683
5.12136
2.59932
3.32019
5.54025
2.19797
3.52826
6.03012
1.13442
2.27189
4.08013
0.38179
1.3198
1.88151
4.01032
2.09455
4.56114
4.31241
2.77809
2.40125
5.7668
1.16423
4.27552
1.04606
5.62598
1.53504
3.67684
1.15582
4.18286
1.57353
6.19795
5.31758
2.52688
3.29444
3.82897
2.40558
4.56107
5.48915
0.00347231
5.00115
4.67821
2.43487
3.53248
3.53442
3.7102
2.71811
4.82522
4.63711
6.05909
2.89599
0.125044
6.10407
5.78483
3.59468
1.79495
2.03705
4.04526
1.42461
3.56979
2.96517
5.98878
1.03772
0.332603
4.98646
3.84135
0.570084
5.42212
3.46579
2.07196
0.416909
4.04674
1.18939
2.43504
0.22118
0.497534
4.55538
4.97375
4.89153
1.82013
1.59473
2.7274
5.60499
3.35772
3.76214
2.42856
4.9186
4.30922
0.35168
1.54767
1.9531
5.59749
4.4841
1.59336
4.37078
0.29036
2.82086
0.0260201
1.86837
5.57132
4.43747
4.84989
1.67442
5.22182
4.03452
4.79013
4.44412
2.71189
4.53131
3.71068
2.91068
2.04983
1.79776
2.9404
0.145243
4.40499
2.20199
0.306272
4.66398
2.61286
4.05298
3.40038
5.1922
2.44093
5.7065
3.3334
5.73776
2.97414
4.61467
3.34026
1.73326
0.406296
0.664482
4.46885
0.0148912
2.89769
0.543879
1.84446
4.14386
2.39069
2.40411
4.01592
4.35884
5.57561
1.50607
2.97382
4.26504
2.60324
4.08405
6.22346
6.12874
2.05059
2.49201
0.773803
2.81538
1.19973
1.30138
0.743354
3.0965
1.80102
5.28216
4.96674
2.51856
0.835092
2.02931
3.28202
3.02249
2.13009
1.07284
3.54082
0.512182
2.92076
2.7637
3.33146
5.45927
0.324716
2.33287
3.5184
1.28697
3.60831
5.07459
0.572239
2.09828
4.7933
1.53241
1.12103
6.13418
0.591803
2.74256
1.21252
6.10128
3.59798
5.56517
0.499096
3.47258
3.52302
3.32476
3.44903
4.4255
4.30049
5.9252
3.37718
1.96962
2.06607
0.597174
4.06971
0.241878
3.43002
3.51751
1.60808
3.4029
1.80324
1.5609
3.30088
0.783113
4.32339
3.07216
2.15519
1.22835
0.502539
0.168501
5.51289
4.89715
2.79778
2.21646
5.274
3.26723
2.53812
5.87075
5.4477
2.02676
4.94669
3.96247
4.04422
4.82118
0.45391
3.7007
4.12498
3.4734
0.830134
0.146793
5.49739
4.73443
4.51043
2.43992
1.80049
4.28781
3.26739
2.58314
6.01303
4.14845
0.238289
1.25218
3.65147
5.11842
2.53553
0.496686
5.37591
1.28204
0.175879
5.51974
0.546532
5.19977
1.9185
3.03118
0.460761
4.11328
3.93207
1.63033
2.70742
6.23645
5.24421
1.76243
2.49728
3.50285
0.0519504
3.07148
5.8858
1.79459
0.694274
2.14943
0.697685
0.646114
2.35941
3.52073
1.40407
4.70699
5.24268
3.11424
1.56866
2.99592
0.133526
4.19728
0.403884
2.92842
3.36073
0.241517
4.31748
4.70349
3.29222
3.72758
2.45069
6.00724
4.72326
3.21103
4.20369
4.33327
4.99722
0.855915
4.55328
0.716302
1.7231
4.6637
0.686719
4.67068
5.23452
2.88539
0.209825
4.48916
1.28793
5.41873
4.21257
4.61254
3.15536
6.05881
0.135954
1.51579
6.04821
4.09449
0.564181
4.80912
0.498853
4.68286
0.246945
5.41223
1.13518
4.93434
0.547443
1.3391
4.19547
3.5187
2.30497
4.14076
5.0979
0.454038
4.46569
1.97088
4.91687
1.41296
4.46488
4.94939
2.65651
2.80983
2.86698
5.5815
0.188597
6.23326
1.06756
2.47447
4.24359
4.3993
3.52858
4.74928
2.22979
2.90814
1.45329
1.5174
3.48423
0.272358
1.85974
0.682727
1.37684
4.49032
1.38673
3.55402
2.67141
5.72591
4.27686
1.56134
1.90387
4.34941
4.42511
2.14913
6.0307
6.00802
0.274601
1.8451
3.23738
0.345146
0.634838
6.00553
1.59233
1.14843
1.25406
4.77405
0.291625
3.75475
2.94302
2.38259
2.17772
0.942674
1.09366
0.622615
5.21339
0.854736
1.03602
3.793
3.62515
4.19167
5.70614
0.810952
3.70687
6.24534
4.24903
0.401082
4.36257
3.42781
0.48625
5.6212
2.43962
0.0421926
2.46776
0.738285
3.20078
1.07678
2.09314
0.671405
3.74436
0.423414
4.20944
5.12105
0.00834277
1.20367
4.88585
3.53972
5.29542
3.64991
1.14633
1.44516
1.98054
4.85523
4.11697
3.70154
3.87061
4.89331
3.15824
5.01572
2.51258
5.3595
3.88964
4.23
2.61697
4.99058
3.5988
1.13439
0.0352914
5.50564
4.99206
2.24445
5.26608
0.0208049
6.11589
3.51715
1.13533
0.418228
0.600556
3.16061
5.44542
6.01987
1.96362
1.51976
5.36761
0.358684
2.10686
1.43967
4.06432
1.38933
5.01948
3.45828
5.9259
5.46512
1.02172
4.45529
2.38378
0.45409
4.98063
3.46974
2.28381
0.0382659
2.68023
2.50243
3.89562
3.55686
6.12589
4.43198
4.29781
4.94515
5.69016
0.54078
5.25183
5.81217
5.21625
2.99733
0.346074
3.13272
0.750793
5.40029
1.62777
2.18252
1.38467
1.90475
0.737702
6.11006
1.42309
4.6978
1.31392
5.84136
1.98053
3.57145
6.20196
3.58188
1.87973
5.18311
4.19768
0.422106
0.855471
4.09098
0.115065
5.29221
2.80881
5.06112
3.43121
4.34405
1.47198
1.93687
0.797854
6.16374
2.62103
0.985701
3.03014
3.4899
2.65727
0.500808
1.91485
0.965053
0.537512
3.60156
4.18637
5.71655
3.69141
5.08266
3.62348
0.192991
2.35191
0.813286
3.1457
3.88408
3.8625
0.140114
1.47027
6.09502
3.59493
6.02576
0.0978943
6.08089
2.81462
6.18018
6.08699
1.78183
1.37227
4.63795
2.02616
4.81969
5.02811
5.33736
6.0577
3.94895
5.71643
6.13651
0.138269
6.09808
5.12163
0.913902
3.06642
2.76776
5.22513
3.32554
6.17845
0.485129
0.570782
1.13422
0.372708
1.37048
3.41178
2.20091
6.12439
2.29084
6.12625
2.5742
4.8084
0.114727
0.799636
3.3683
2.99301
3.05815
1.43018
2.52138
1.33827
5.30227
4.05089
0.86491
0.140295
4.85742
0.8522
2.04983
5.68074
0.808381
0.649305
2.70118
6.10961
4.06023
2.43743
1.67659
4.90299
5.43802
3.44336
4.46867
4.95372
0.188096
3.82202
0.659171
3.12486
3.52348
5.95123
4.35039
1.59762
0.11913
3.16382
2.11584
3.28644
2.15984
3.0526
5.50411
5.97445
4.79085
5.11105
2.94949
2.45796
3.78031
3.32126
3.80667
5.14445
2.02356
6.27611
1.85765
3.21558
1.22795
4.98814
6.24663
4.04543
1.0092
1.21967
1.29898
1.26961
1.04345
4.98509
2.79153
4.26151
2.86476
1.84372
1.63852
0.217252
4.92777
2.01744
5.79627
0.412869
2.66119
4.48919
5.30976
4.8382
5.45886
1.03434
1.22683
5.39329
2.74444
1.38699
3.68889
5.4772
0.0782602
1.2718
1.09585
6.23069
3.79732
3.91434
0.431642
3.23878
4.23716
4.87372
6.04493
6.22252
0.74277
5.21553
3.89057
5.32551
1.04213
6.07798
1.96811
4.20711
6.2729
0.483117
2.78907
0.921206
1.36898
5.61821
1.17384
0.889214
2.94053
1.20012
4.2798
5.23989
4.01928
4.93724
2.44406
4.16154
3.71481
1.34738
2.58949
5.52876
0.628228
1.8628
3.70809
3.10455
5.32287
3.1192
1.42491
5.28828
1.36026
0.0277871
2.78062
3.11875
1.57421
3.77334
1.47957
2.19709
4.60653
5.29534
3.79886
5.84995
6.12855
4.57797
1.64266
3.80381
6.04617
1.94731
3.58613
2.60879
2.89924
6.22378
0.69611
1.84708
5.93173
1.36863
0.596007
5.00267
5.2803
2.58869
2.33318
3.16597
5.45704
5.08707
0.653247
1.38028
4.54398
2.91581
0.754321
3.88061
1.44158
0.943795
0.762324
2.33633
5.86277
5.12867
0.62558
1.09877
4.23864
0.806878
2.21423
0.562856
1.82634
2.10678
1.76754
2.62712
3.11315
4.1918
1.12879
4.76421
0.714004
4.92092
5.10371
4.59277
4.26682
2.21037
1.38998
5.61257
3.01051
2.46341
0.814526
4.75763
3.44565
5.22877
0.103744
0.0138651
5.07825
1.73989
3.76729
0.97743
3.68467
4.71279
1.73514
0.561022
2.84383
1.22555
0.933393
1.48314
4.65408
0.758534
4.4276
3.66357
5.08544
6.2361
0.451467
5.76124
1.92089
3.39748
1.0325
0.687167
4.3881
1.93596
2.70771
3.83249
3.55437
5.37852
4.88022
4.65694
2.62347
0.450068
3.11372
1.62069
4.97808
0.940039
1.99967
1.67788
4.9732
4.1135
0.99593
1.78282
4.98556
5.0183
5.73293
0.362665
4.7616
5.85972
2.68973
2.53589
5.45418
3.53201
4.32492
2.93613
2.63485
0.252643
6.01754
1.68253
4.81478
4.74313
3.33639
5.38964
5.22335
2.87247
0.500536
4.80418
1.70276
2.67234
1.19426
4.93782
1.10333
4.82168
4.75433
5.80815
2.88662
0.262085
1.01159
2.99481
5.33526
1.64511
3.88745
5.26367
2.57448
3.39521
2.35209
6.04718
5.43255
5.47469
4.76049
2.59297
3.29007
4.0139
6.23463
0.024321
2.80215
4.92665
1.15858
4.40183
5.41134
4.02765
5.38568
3.05188
6.1761
1.29182
3.44197
3.45332
1.60072
4.33295
0.755821
3.27277
2.76521
0.857874
0.828221
1.17328
5.31595
0.902297
1.22533
0.505755
4.20088
3.7243
1.36706
3.72367
4.54018
0.54798
4.53315
2.69816
5.42307
1.35465
2.98709
4.56989
4.21333
5.96891
1.05895
3.53673
0.325795
4.35714
5.60545
2.60662
0.598231
2.59558
2.8074
3.77501
1.6589
3.57976
3.25492
4.43942
5.55062
4.15643
4.35659
2.43363
0.897379
1.82365
1.47731
6.02887
5.11971
0.904409
4.57788
6.26983
5.44958
5.99086
1.65538
0.062993
1.25189
3.0317
2.98719
3.16701
1.87814
0.211469
0.172635
4.19729
3.3018
1.19486
5.1814
0.377611
0.0295103
1.13115
2.69949
5.64277
5.77381
3.42807
1.93536
4.27782
2.65618
0.408466
0.641634
1.14708
1.73279
2.30242
3.59603
1.05588
0.66563
1.47641
0.715928
0.626332
3.95342
2.37598
2.63925
1.76557
5.53559
3.7951
4.82694
2.88415
0.256629
2.04316
0.26173
3.86253
2.95961
1.91201
0.672415
6.02741
6.05526
1.27332
5.89827
6.11481
3.92017
0.371869
1.19482
0.94891
6.23327
6.00014
2.01834
4.13211
2.7703
3.17516
0.423383
3.25773
1.79402
0.693906
2.65661
3.87766
0.387343
1.68
0.742797
4.41926
1.61096
3.39803
0.200758
2.66202
3.44469
3.5128
4.39485
5.07809
4.12078
0.351572
2.24573
2.01189
6.2795
3.90599
0.286957
2.19866
4.58828
2.43986
5.99702
0.0857673
5.03847
1.41258
0.304574
3.37229
2.7975
5.61092
3.5618
5.191
4.5831
2.25753
3.64453
1.2343
4.92166
3.97393
2.4629
2.54853
1.23244
1.86145
3.2923
5.51048
5.2875
5.5962
4.2011
0.938194
0.937624
0.172129
4.69269
0.164048
3.09895
1.24758
3.19847
3.69952
5.81632
5.97342
1.23591
5.57371
0.848322
3.85719
5.87704
0.735951
4.6514
2.06799
1.7771
2.7951
1.84049
5.00974
4.62475
3.69595
6.08142
2.23482
2.81953
2.72745
5.26133
5.83895
1.67434
0.595077
2.49561
2.40803
1.38973
2.98973
3.30643
4.17264
4.88401
5.31247
3.19654
5.95985
2.05743
4.14292
4.4816
0.852807
3.92738
2.34791
0.922706
2.59293
2.21919
5.48936
4.45517
4.85102
4.7606
1.98756
2.27682
5.25304
4.79117
3.30196
6.20295
3.48034
2.27102
3.05407
3.69068
1.71541
0.967587
2.73231
0.555326
3.53417
0.555961
2.95972
0.342551
5.65169
5.2822
5.84148
3.44233
5.76129
2.56324
2.50091
3.89048
4.74824
2.97054
0.800431
0.710301
5.22361
6.03611
0.811169
5.01993
6.27252
3.17561
5.08571
5.78737
1.63583
1.10612
2.99534
5.58241
5.0877
4.12005
2.88191
5.94666
0.648669
1.29259
5.47966
4.52635
2.28289
4.85523
6.03211
4.41902
5.22874
0.919512
1.11489
1.26057
0.79008
3.12098
3.89887
1.90491
0.274827
4.45903
1.92357
5.29937
6.1651
3.02861
0.963713
0.326939
4.4456
5.07801
4.87194
0.72954
5.53361
5.18441
1.63619
3.4791
5.09897
1.7113
0.20175
4.87576
4.71427
3.62753
0.869445
2.23938
5.68259
2.99572
6.20407
5.66028
5.82091
0.19307
3.99034
3.12035
5.83637
0.282705
3.31256
1.25579
3.16571
4.28287
5.3744
2.8522
5.75128
2.49033
4.64945
1.29913
4.48728
4.37307
3.16981
5.42369
1.47993
5.12709
2.89459
4.55364
2.50276
2.65905
4.28721
3.79991
5.34176
5.36878
4.88124
4.13274
1.732
5.05439
5.37006
5.63861
1.22294
3.80623
0.600519
5.72312
0.47855
5.7756
4.63406
3.15736
2.98936
5.90009
1.10578
4.54737
3.92206
0.658583
2.82806
0.449924
3.40326
0.0454722
5.5678
3.74523
1.34909
5.2121
2.29907
3.3792
5.73331
3.70867
4.09892
4.1968
2.39258
3.79506
5.87498
5.6143
0.847041
2.54442
4.02261
1.25671
0.164186
1.41177
3.66163
0.891746
3.56672
5.13573
0.117175
0.49216
4.8219
2.65389
0.762973
4.92389
5.9268
4.21034
3.74335
5.5836
3.1019
2.09526
0.542789
6.17944
3.53235
6.16835
2.17067
2.93291
2.7753
1.51378
5.00549
5.54645
0.621853
2.40435
5.68464
3.20792
3.34298
0.468759
0.687224
4.65486
3.95754
2.40895
5.05612
0.775274
5.07721
0.444234
5.69624
5.12828
2.35199
0.327676
4.05536
2.526
3.75087
0.63198
2.22311
1.5012
3.61783
4.15936
1.56853
5.99668
4.03353
3.3374
1.21857
0.0569248
3.80473
0.550473
3.9286
1.82858
6.18521
5.58594
5.39278
5.6211
4.21272
1.12356
0.730717
2.95386
1.56855
0.894549
0.550566
0.950278
1.0542
1.94051
0.000981503
3.0562
0.327484
1.06989
0.16316
2.74479
2.33902
0.42346
1.93185
4.98323
5.35413
6.12214
5.01825
1.8429
3.16216
2.88891
1.33687
3.56087
5.35652
1.27526
3.50869
1.13931
2.95671
1.14355
4.66756
5.20122
0.772611
1.44086
3.97018
0.639953
5.18498
1.09387
5.48817
3.56081
2.72306
2.20791
2.56962
4.88889
0.336512
4.68808
4.33807
3.26325
4.04164
0.124375
0.101142
3.47707
1.98771
0.0628626
2.07142
4.64346
5.1122
3.8258
3.00577
2.83858
3.1899
4.1747
0.544976
0.6262
5.28125
4.24096
1.11447
2.97368
3.12585
1.15907
4.23139
4.11469
6.18576
3.6445
5.92795
2.64233
3.18079
0.640406
2.1969
6.14807
0.077028
1.05259
2.68451
5.13472
0.036408
1.70625
3.00623
3.42121
5.61579
2.93289
4.37854
1.24354
6.02691
3.09232
3.8756
4.63577
4.03582
0.492897
5.02763
3.86008
2.03625
2.33057
1.18237
1.01726
2.48046
5.62224
0.486472
3.72605
0.83087
2.47068
0.799982
0.0416318
1.29403
5.4671
3.22366
0.51803
3.99747
4.24308
4.05547
2.90872
4.71686
3.84998
3.34792
6.23357
5.31484
1.64018
2.39837
1.78647
3.7512
1.87451
3.08903
3.90568
3.31195
2.57994
2.50913
3.18378
5.22344
1.91453
5.66292
4.2995
1.29706
1.10681
1.51323
5.49054
1.60443
1.52594
0.816431
5.2526
4.80968
2.7581
2.50499
1.45942
0.941714
1.9088
4.26854
0.658819
0.788416
1.70972
5.60537
5.23454
4.46305
2.67792
1.07013
0.877796
1.09293
4.16617
3.7771
2.0966
4.333
4.05304
0.227859
5.4691
2.09676
0.793258
1.52434
3.97877
0.177328
0.284233
2.73532
5.10297
5.51935
4.3653
3.78657
4.90146
3.34973
1.84298
1.84284
3.65961
3.41128
6.03052
4.61795
5.83716
1.6805
0.43904
1.39223
5.22635
0.720189
0.360722
0.666866
4.73733
0.704916
5.30379
1.03128
2.36215
2.20355
5.38765
4.771
3.05514
5.58863
5.20344
3.0592
3.01575
0.376017
3.51597
3.37554
5.55017
2.41786
4.82466
2.32535
5.82217
3.71052
1.71204
0.0193153
2.17229
1.86928
4.81126
0.571803
3.63619
3.7109
6.17783
2.664
5.13269
1.19191
4.44812
4.6894
4.45264
0.799009
5.38223
6.1461
3.79897
0.552642
4.20931
3.83885
1.22392
1.36345
0.233412
2.50964
3.94377
3.61915
5.69318
1.39525
1.08074
2.14548
1.51156
5.44255
4.37283
2.18292
5.71104
3.25355
1.27345
4.57401
0.829377
5.99718
3.10658
1.59604
1.99694
3.78227
6.04011
1.62581
1.03168
0.62125
3.77862
2.1628
2.00113
6.18104
1.08128
1.46172
5.86487
4.65589
1.39608
5.42603
4.46476
3.22791
0.213456
1.20398
0.430552
5.91901
0.843002
3.11882
2.85409
6.01918
4.61954
0.765389
3.87985
1.87207
6.0597
2.48803
3.35481
3.63214
3.10616
6.24638
3.68572
0.862996
3.61053
5.08827
3.13954
1.73267
3.00067
4.69628
2.98036
5.7928
0.832619
5.97381
0.719896
1.66941
5.44079
3.29142
2.21478
4.42047
3.51752
3.16372
0.482132
2.98597
3.87597
5.08297
0.44653
3.77883
4.20126
4.58831
5.26344
6.00404
3.9076
4.88742
1.48414
4.772
3.46696
4.71526
4.07086
2.73002
6.25117
4.53688
1.89429
3.17629
2.36638
0.361374
1.34818
1.20495
4.09021
4.24399
5.89843
1.83492
2.63883
5.0317
3.92682
0.137116
4.34168
2.38539
1.08887
5.9867
2.91314
0.548734
3.91705
2.99501
5.59318
3.71752
0.381585
1.17143
2.74934
2.56819
0.284975
3.41926
1.84019
3.75839
0.805218
4.07266
0.95175
1.21497
3.98696
0.320305
5.94902
3.56252
5.71639
6.28106
1.91948
5.66059
0.315058
1.81132
0.0947336
3.77891
0.656195
4.12153
2.14033
5.61814
5.01724
4.64246
5.95806
0.370452
5.45084
3.04027
5.52934
5.35875
2.45611
4.13306
0.112258
2.99035
2.45901
0.794088
4.43478
0.630289
0.695131
3.46521
1.26323
2.71973
2.31444
1.7479
3.48137
2.33455
0.0837375
3.4868
3.69947
3.10231
3.82308
1.83826
3.47607
0.312584
0.932476
3.64365
4.57614
1.46739
2.34035
4.30667
0.353207
5.71408
4.70031
0.560849
4.29236
0.895278
0.366614
0.215852
0.379563
2.26734
1.41334
4.89328
2.89113
5.40783
2.05829
1.693
5.17113
5.22407
3.28715
5.03777
0.00873972
1.18385
2.80789
3.18585
2.75605
3.10185
1.25202
3.53269
5.19168
2.55998
6.10427
2.41826
4.47807
3.90611
4.09834
1.20836
3.01442
1.87184
0.0150848
3.23904
4.33581
4.65497
0.230218
3.38915
0.726706
4.26023
0.0234226
2.4153
4.01242
5.62476
1.37064
3.43454
5.81802
4.67758
1.85601
4.3749
3.93083
1.60975
2.75475
0.660344
0.471461
3.16421
4.42875
5.76714
3.48495
4.01662
3.58302
3.70043
0.855801
3.15846
3.06288
4.01089
1.36025
2.09116
1.2236
3.24238
4.0784
5.97748
0.354921
1.77136
4.44299
1.36298
6.27901
2.83491
0.102955
1.76555
1.59175
6.13986
3.33765
4.74831
4.28757
4.08396
4.50183
1.30108
5.39004
1.67962
1.04941
1.1254
6.12146
1.62571
1.8639
3.44648
0.363976
2.94834
1.54935
0.582865
3.25731
2.29482
0.0728293
1.01453
0.271012
3.24629
4.40054
2.27184
5.2875
1.18722
1.58286
3.33736
2.23823
3.38932
6.0544
3.02719
5.86223
0.207421
2.56748
3.64448
1.56052
3.85616
3.15207
0.861586
0.482038
5.24861
5.57596
2.18986
2.92135
4.33463
6.13601
4.17671
3.4357
2.86112
1.34462
5.14753
4.54388
3.84173
0.820595
3.08181
2.20013
0.135938
5.78054
3.72104
0.16874
0.396553
2.01779
0.193626
2.29126
2.1243
0.923621
0.84366
4.19761
3.1014
3.35378
0.62696
3.17523
2.71513
3.10283
1.83463
2.87336
4.86225
2.6332
3.5276
2.39983
1.59533
5.72147
2.90867
4.7061
5.90815
1.58823
3.39138
2.19917
0.568159
0.781355
0.788641
0.299857
1.62851
4.18232
4.51523
1.12273
3.5656
2.32865
3.28073
4.45146
1.51932
1.16674
0.845431
1.90209
0.130854
1.71681
0.499354
3.03782
2.84126
4.26442
4.84444
1.18908
1.12264
3.36645
1.38826
0.460074
3.26982
4.41972
2.62563
2.74068
4.45864
1.79072
1.17536
0.876579
4.93406
3.25203
4.71182
2.65204
1.60166
4.71498
3.44773
3.18523
5.56294
0.375592
0.749286
6.07092
4.16076
1.11924
3.49705
5.84214
4.41109
6.06366
1.24144
5.31323
1.67239
2.97405
4.11017
0.733032
4.37604
5.2451
3.13687
5.55536
6.05575
0.770827
3.45009
2.5683
5.25568
5.5272
0.332973
1.33698
3.75243
0.20919
2.05764
4.05562
4.39059
4.44127
4.59359
2.9773
4.94529
0.487926
5.21327
3.26141
0.407981
1.46023
5.29169
1.41612
4.59957
5.94552
4.38094
3.4996
2.2437
4.57338
2.22009
5.37268
6.22588
1.41418
2.05819
3.40202
1.47952
6.16692
4.38872
5.70272
1.34002
0.792727
1.1096
6.07321
4.81071
5.20216
0.870504
5.62996
1.35436
5.67608
1.53225
2.6825
4.37941
3.58541
3.18469
4.988
2.72317
5.58812
2.25345
3.97417
5.07668
3.08331
3.85901
4.69769
5.23744
5.19868
1.63479
1.85422
0.951691
2.30984
4.06108
5.38161
5.42571
5.93641
0.340082
1.5409
1.53296
2.78268
3.41656
4.86838
3.93535
2.60036
4.00182
2.14846
0.603474
4.44141
1.10365
1.10315
2.32458
4.23226
2.44327
2.29243
0.834477
1.12475
6.19327
5.77785
1.34831
2.1509
1.7075
1.5803
1.64182
3.50034
5.33718
0.115723
4.12884
1.45798
5.45363
3.47121
2.3148
5.74534
1.38166
1.17009
5.51173
5.89103
4.80092
4.86191
0.00445112
4.222
1.88377
6.27517
6.19498
5.79845
3.29652
5.17572
4.73955
0.876213
4.8281
1.96774
6.02613
0.261715
4.01365
6.03838
1.47079
4.23791
2.14855
0.488166
2.26474
0.166593
2.22176
2.00198
4.48143
4.55414
2.48424
1.46047
3.03862
1.93935
0.693545
2.97251
4.26464
3.62468
3.71784
2.84501
2.13008
0.405063
0.479505
1.10449
1.79506
3.37603
2.41541
2.62291
5.10527
5.45023
5.01781
2.69598
4.35511
1.27491
1.40162
4.01227
3.25935
5.75377
1.00263
4.00109
4.24104
5.7702
4.90545
2.04626
1.02478
5.9629
5.63469
0.553122
1.86635
2.35987
3.033
5.51617
4.56241
0.787175
2.52408
2.58781
0.345086
5.65573
2.62836
3.88863
0.318641
3.44268
4.26222
0.983012
3.52256
1.99307
2.45895
2.73292
2.84415
1.08583
1.59546
0.518853
4.35062
2.16895
3.81745
4.17817
1.68445
3.55996
3.02453
5.39024
2.98048
1.52439
4.70646
3.16796
0.879645
1.60379
5.50612
5.67085
4.31125
1.91164
1.32241
6.20377
3.01846
2.22642
1.50019
0.676805
5.23493
3.52156
4.53393
3.80629
3.33397
0.791429
1.69942
1.2862
3.21569
4.77747
3.98613
2.2949
0.863557
0.303903
5.68459
4.34472
2.88022
5.515
5.67411
0.567172
2.50209
5.58435
3.06445
0.138323
1.75075
4.23697
2.22163
3.77375
2.45329
3.04996
0.0247561
4.13468
4.11619
5.28921
3.64202
5.46199
1.71667
2.1378
1.10119
3.4939
6.08435
4.60703
4.65221
5.0204
3.598
0.898383
3.48812
1.22228
0.950603
0.561974
3.54897
5.3359
5.62243
1.28029
3.15335
1.02722
3.97956
6.11045
0.895777
2.28999
1.37966
3.92504
2.21298
3.91047
4.26327
4.83396
5.96187
0.709757
5.84523
2.82876
2.13878
1.13468
0.750829
0.0803323
0.733356
6.19049
4.612
4.48173
2.08046
5.80644
4.85863
1.20926
3.17347
3.89327
5.29025
1.32336
4.66517
1.83202
4.72116
5.48979
6.20738
3.04387
4.53301
1.27146
4.83259
3.48828
5.55851
0.634386
2.52747
0.132545
3.55431
0.275967
3.57465
5.51611
2.85199
3.18945
5.87347
2.03464
1.12864
0.153397
4.28084
0.625004
1.95614
1.12874
1.53154
2.60207
5.02742
0.937407
1.17297
6.07585
2.98696
0.261723
4.18206
2.1264
6.15181
5.05807
4.12247
4.32819
5.94297
2.30582
0.628011
3.9791
3.84332
6.15513
1.73186
1.61646
4.99103
1.56567
1.7678
0.870739
3.95421
3.17028
0.91117
5.1751
3.76876
3.83589
0.410473
1.49847
4.84373
5.61875
4.23646
5.18768
1.74315
2.10956
5.07332
1.98672
3.63865
5.15302
3.63567
4.05668
5.11698
5.2683
2.50544
4.43614
6.22142
0.636868
0.87612
4.55759
2.21943
4.65397
1.13124
2.90112
3.70027
4.84497
3.84001
2.96143
3.71676
2.91777
2.89573
4.79739
5.01507
2.79083
1.85596
2.53769
0.463882
1.27823
1.95385
4.0077
0.585138
0.943011
3.06913
2.60772
1.88043
5.24109
3.43365
4.49637
2.48658
2.64462
0.714024
4.37999
3.73784
1.72057
2.89194
5.78518
1.39631
4.79842
5.28112
2.21041
5.61648
1.56746
5.43961
1.70796
2.40623
4.49112
5.22906
6.13896
1.3213
4.28151
4.23352
4.18874
